{
    "camera_angle_x": 0.8726646259971649,
    "frames": [
        {
            "file_path": "./train/r_0000",
            "rotation": 0.0,
            "time": 0.2737430167597765,
            "fl_x": 857.8027682038233,
            "fl_y": 857.8027682038233,
            "cx": 400.0,
            "cy": 400.0,
            "w": 800,
            "h": 800,
            "transform_matrix": [
                [
                    1.0,
                    0.0,
                    0.0,
                    0.0
                ],
                [
                    0.0,
                    0.34174306308670443,
                    -0.9397934234884372,
                    -2.2
                ],
                [
                    -0.0,
                    0.9397934234884372,
                    0.34174306308670443,
                    1.3
                ],
                [
                    0.0,
                    0.0,
                    0.0,
                    1.0
                ]
            ]
        },
        {
            "file_path": "./train/r_0001",
            "rotation": 0.0,
            "time": 0.30726256983240224,
            "fl_x": 857.8027682038233,
            "fl_y": 857.8027682038233,
            "cx": 400.0,
            "cy": 400.0,
            "w": 800,
            "h": 800,
            "transform_matrix": [
                [
                    0.7071067811865476,
                    0.39270291779351896,
                    -0.588034368346321,
                    -1.8
                ],
                [
                    -0.7071067811865476,
                    0.39270291779351896,
                    -0.588034368346321,
                    -1.8
                ],
                [
                    0.0,
                    0.8316061788568636,
                    0.5553657923270809,
                    2.2
                ],
                [
                    0.0,
                    0.0,
                    0.0,
                    1.0
                ]
            ]
        },
        {
            "file_path": "./train/r_0002",
            "rotation": 0.0,
            "time": 0.9608938547486033,
            "fl_x": 857.8027682038233,
            "fl_y": 857.8027682038233,
            "cx": 400.0,
            "cy": 400.0,
            "w": 800,
            "h": 800,
            "transform_matrix": [
                [
                    0.0,
                    -0.34174306308670443,
                    0.9397934234884372,
                    2.2
                ],
                [
                    1.0,
                    0.0,
                    0.0,
                    0.0
                ],
                [
                    0.0,
                    0.9397934234884372,
                    0.34174306308670443,
                    1.3
                ],
                [
                    0.0,
                    0.0,
                    0.0,
                    1.0
                ]
            ]
        },
        {
            "file_path": "./train/r_0003",
            "rotation": 0.0,
            "time": 0.7541899441340782,
            "fl_x": 857.8027682038233,
            "fl_y": 857.8027682038233,
            "cx": 400.0,
            "cy": 400.0,
            "w": 800,
            "h": 800,
            "transform_matrix": [
                [
                    -1.0,
                    0.0,
                    0.0,
                    0.0
                ],
                [
                    0.0,
                    -0.34174306308670443,
                    0.9397934234884372,
                    2.2
                ],
                [
                    0.0,
                    0.9397934234884372,
                    0.34174306308670443,
                    1.3
                ],
                [
                    0.0,
                    0.0,
                    0.0,
                    1.0
                ]
            ]
        },
        {
            "file_path": "./train/r_0004",
            "rotation": 0.0,
            "time": 0.8770949720670391,
            "fl_x": 857.8027682038233,
            "fl_y": 857.8027682038233,
            "cx": 400.0,
            "cy": 400.0,
            "w": 800,
            "h": 800,
            "transform_matrix": [
                [
                    0.0,
                    -0.34174306308670443,
                    0.9397934234884372,
                    2.2
                ],
                [
                    1.0,
                    0.0,
                    0.0,
                    0.0
                ],
                [
                    0.0,
                    0.9397934234884372,
                    0.34174306308670443,
                    1.3
                ],
                [
                    0.0,
                    0.0,
                    0.0,
                    1.0
                ]
            ]
        },
        {
            "file_path": "./train/r_0005",
            "rotation": 0.0,
            "time": 0.43575418994413406,
            "fl_x": 857.8027682038233,
            "fl_y": 857.8027682038233,
            "cx": 400.0,
            "cy": 400.0,
            "w": 800,
            "h": 800,
            "transform_matrix": [
                [
                    0.7071067811865476,
                    -0.39270291779351896,
                    0.588034368346321,
                    1.8
                ],
                [
                    0.7071067811865476,
                    0.39270291779351896,
                    -0.588034368346321,
                    -1.8
                ],
                [
                    -0.0,
                    0.8316061788568636,
                    0.5553657923270809,
                    2.2
                ],
                [
                    0.0,
                    0.0,
                    0.0,
                    1.0
                ]
            ]
        },
        {
            "file_path": "./train/r_0006",
            "rotation": 0.0,
            "time": 0.48044692737430167,
            "fl_x": 857.8027682038233,
            "fl_y": 857.8027682038233,
            "cx": 400.0,
            "cy": 400.0,
            "w": 800,
            "h": 800,
            "transform_matrix": [
                [
                    1.0,
                    0.0,
                    0.0,
                    0.0
                ],
                [
                    0.0,
                    0.34174306308670443,
                    -0.9397934234884372,
                    -2.2
                ],
                [
                    -0.0,
                    0.9397934234884372,
                    0.34174306308670443,
                    1.3
                ],
                [
                    0.0,
                    0.0,
                    0.0,
                    1.0
                ]
            ]
        },
        {
            "file_path": "./train/r_0007",
            "rotation": 0.0,
            "time": 0.3016759776536313,
            "fl_x": 857.8027682038233,
            "fl_y": 857.8027682038233,
            "cx": 400.0,
            "cy": 400.0,
            "w": 800,
            "h": 800,
            "transform_matrix": [
                [
                    -0.7071067811865476,
                    -0.39270291779351896,
                    0.588034368346321,
                    1.8
                ],
                [
                    0.7071067811865476,
                    -0.39270291779351896,
                    0.588034368346321,
                    1.8
                ],
                [
                    0.0,
                    0.8316061788568636,
                    0.5553657923270809,
                    2.2
                ],
                [
                    0.0,
                    0.0,
                    0.0,
                    1.0
                ]
            ]
        },
        {
            "file_path": "./train/r_0008",
            "rotation": 0.0,
            "time": 0.4245810055865922,
            "fl_x": 768.3928507884664,
            "fl_y": 768.3928507884664,
            "cx": 400.0,
            "cy": 400.0,
            "w": 800,
            "h": 800,
            "transform_matrix": [
                [
                    0.0,
                    -0.06651901052377392,
                    0.997785157856609,
                    1.5
                ],
                [
                    1.0,
                    0.0,
                    0.0,
                    0.0
                ],
                [
                    0.0,
                    0.997785157856609,
                    0.06651901052377392,
                    0.6
                ],
                [
                    0.0,
                    0.0,
                    0.0,
                    1.0
                ]
            ]
        },
        {
            "file_path": "./train/r_0009",
            "rotation": 0.0,
            "time": 0.5921787709497207,
            "fl_x": 857.8027682038233,
            "fl_y": 857.8027682038233,
            "cx": 400.0,
            "cy": 400.0,
            "w": 800,
            "h": 800,
            "transform_matrix": [
                [
                    -0.7071067811865476,
                    -0.39270291779351896,
                    0.588034368346321,
                    1.8
                ],
                [
                    0.7071067811865476,
                    -0.39270291779351896,
                    0.588034368346321,
                    1.8
                ],
                [
                    0.0,
                    0.8316061788568636,
                    0.5553657923270809,
                    2.2
                ],
                [
                    0.0,
                    0.0,
                    0.0,
                    1.0
                ]
            ]
        },
        {
            "file_path": "./train/r_0010",
            "rotation": 0.0,
            "time": 0.0223463687150838,
            "fl_x": 857.8027682038233,
            "fl_y": 857.8027682038233,
            "cx": 400.0,
            "cy": 400.0,
            "w": 800,
            "h": 800,
            "transform_matrix": [
                [
                    -0.7071067811865476,
                    0.39270291779351896,
                    -0.588034368346321,
                    -1.8
                ],
                [
                    -0.7071067811865476,
                    -0.39270291779351896,
                    0.588034368346321,
                    1.8
                ],
                [
                    0.0,
                    0.8316061788568636,
                    0.5553657923270809,
                    2.2
                ],
                [
                    0.0,
                    0.0,
                    0.0,
                    1.0
                ]
            ]
        },
        {
            "file_path": "./train/r_0011",
            "rotation": 0.0,
            "time": 0.6703910614525139,
            "fl_x": 857.8027682038233,
            "fl_y": 857.8027682038233,
            "cx": 400.0,
            "cy": 400.0,
            "w": 800,
            "h": 800,
            "transform_matrix": [
                [
                    0.0,
                    0.34174306308670443,
                    -0.9397934234884372,
                    -2.2
                ],
                [
                    -1.0,
                    0.0,
                    0.0,
                    0.0
                ],
                [
                    0.0,
                    0.9397934234884372,
                    0.34174306308670443,
                    1.3
                ],
                [
                    0.0,
                    0.0,
                    0.0,
                    1.0
                ]
            ]
        },
        {
            "file_path": "./train/r_0012",
            "rotation": 0.0,
            "time": 0.776536312849162,
            "fl_x": 965.6854249492379,
            "fl_y": 965.6854249492379,
            "cx": 400.0,
            "cy": 400.0,
            "w": 800,
            "h": 800,
            "transform_matrix": [
                [
                    1.0,
                    0.0,
                    0.0,
                    0.0
                ],
                [
                    0.0,
                    1.0,
                    0.0,
                    0.0
                ],
                [
                    0.0,
                    0.0,
                    1.0,
                    3.0
                ],
                [
                    0.0,
                    0.0,
                    0.0,
                    1.0
                ]
            ]
        },
        {
            "file_path": "./train/r_0013",
            "rotation": 0.0,
            "time": 0.7150837988826816,
            "fl_x": 857.8027682038233,
            "fl_y": 857.8027682038233,
            "cx": 400.0,
            "cy": 400.0,
            "w": 800,
            "h": 800,
            "transform_matrix": [
                [
                    -0.7071067811865476,
                    0.39270291779351896,
                    -0.588034368346321,
                    -1.8
                ],
                [
                    -0.7071067811865476,
                    -0.39270291779351896,
                    0.588034368346321,
                    1.8
                ],
                [
                    0.0,
                    0.8316061788568636,
                    0.5553657923270809,
                    2.2
                ],
                [
                    0.0,
                    0.0,
                    0.0,
                    1.0
                ]
            ]
        },
        {
            "file_path": "./train/r_0014",
            "rotation": 0.0,
            "time": 0.7374301675977654,
            "fl_x": 857.8027682038233,
            "fl_y": 857.8027682038233,
            "cx": 400.0,
            "cy": 400.0,
            "w": 800,
            "h": 800,
            "transform_matrix": [
                [
                    -1.0,
                    0.0,
                    0.0,
                    0.0
                ],
                [
                    0.0,
                    -0.34174306308670443,
                    0.9397934234884372,
                    2.2
                ],
                [
                    0.0,
                    0.9397934234884372,
                    0.34174306308670443,
                    1.3
                ],
                [
                    0.0,
                    0.0,
                    0.0,
                    1.0
                ]
            ]
        },
        {
            "file_path": "./train/r_0015",
            "rotation": 0.0,
            "time": 0.3575418994413408,
            "fl_x": 857.8027682038233,
            "fl_y": 857.8027682038233,
            "cx": 400.0,
            "cy": 400.0,
            "w": 800,
            "h": 800,
            "transform_matrix": [
                [
                    0.7071067811865476,
                    0.39270291779351896,
                    -0.588034368346321,
                    -1.8
                ],
                [
                    -0.7071067811865476,
                    0.39270291779351896,
                    -0.588034368346321,
                    -1.8
                ],
                [
                    0.0,
                    0.8316061788568636,
                    0.5553657923270809,
                    2.2
                ],
                [
                    0.0,
                    0.0,
                    0.0,
                    1.0
                ]
            ]
        },
        {
            "file_path": "./train/r_0016",
            "rotation": 0.0,
            "time": 0.8100558659217877,
            "fl_x": 768.3928507884664,
            "fl_y": 768.3928507884664,
            "cx": 400.0,
            "cy": 400.0,
            "w": 800,
            "h": 800,
            "transform_matrix": [
                [
                    0.0,
                    0.06651901052377392,
                    -0.997785157856609,
                    -1.5
                ],
                [
                    -1.0,
                    0.0,
                    0.0,
                    0.0
                ],
                [
                    0.0,
                    0.997785157856609,
                    0.06651901052377392,
                    0.6
                ],
                [
                    0.0,
                    0.0,
                    0.0,
                    1.0
                ]
            ]
        },
        {
            "file_path": "./train/r_0017",
            "rotation": 0.0,
            "time": 0.8435754189944135,
            "fl_x": 857.8027682038233,
            "fl_y": 857.8027682038233,
            "cx": 400.0,
            "cy": 400.0,
            "w": 800,
            "h": 800,
            "transform_matrix": [
                [
                    -0.7071067811865476,
                    0.39270291779351896,
                    -0.588034368346321,
                    -1.8
                ],
                [
                    -0.7071067811865476,
                    -0.39270291779351896,
                    0.588034368346321,
                    1.8
                ],
                [
                    0.0,
                    0.8316061788568636,
                    0.5553657923270809,
                    2.2
                ],
                [
                    0.0,
                    0.0,
                    0.0,
                    1.0
                ]
            ]
        },
        {
            "file_path": "./train/r_0018",
            "rotation": 0.0,
            "time": 0.07262569832402235,
            "fl_x": 857.8027682038233,
            "fl_y": 857.8027682038233,
            "cx": 400.0,
            "cy": 400.0,
            "w": 800,
            "h": 800,
            "transform_matrix": [
                [
                    1.0,
                    0.0,
                    0.0,
                    0.0
                ],
                [
                    0.0,
                    0.34174306308670443,
                    -0.9397934234884372,
                    -2.2
                ],
                [
                    -0.0,
                    0.9397934234884372,
                    0.34174306308670443,
                    1.3
                ],
                [
                    0.0,
                    0.0,
                    0.0,
                    1.0
                ]
            ]
        },
        {
            "file_path": "./train/r_0019",
            "rotation": 0.0,
            "time": 0.45251396648044695,
            "fl_x": 857.8027682038233,
            "fl_y": 857.8027682038233,
            "cx": 400.0,
            "cy": 400.0,
            "w": 800,
            "h": 800,
            "transform_matrix": [
                [
                    -0.7071067811865476,
                    0.39270291779351896,
                    -0.588034368346321,
                    -1.8
                ],
                [
                    -0.7071067811865476,
                    -0.39270291779351896,
                    0.588034368346321,
                    1.8
                ],
                [
                    0.0,
                    0.8316061788568636,
                    0.5553657923270809,
                    2.2
                ],
                [
                    0.0,
                    0.0,
                    0.0,
                    1.0
                ]
            ]
        },
        {
            "file_path": "./train/r_0020",
            "rotation": 0.0,
            "time": 0.994413407821229,
            "fl_x": 857.8027682038233,
            "fl_y": 857.8027682038233,
            "cx": 400.0,
            "cy": 400.0,
            "w": 800,
            "h": 800,
            "transform_matrix": [
                [
                    -0.7071067811865476,
                    0.39270291779351896,
                    -0.588034368346321,
                    -1.8
                ],
                [
                    -0.7071067811865476,
                    -0.39270291779351896,
                    0.588034368346321,
                    1.8
                ],
                [
                    0.0,
                    0.8316061788568636,
                    0.5553657923270809,
                    2.2
                ],
                [
                    0.0,
                    0.0,
                    0.0,
                    1.0
                ]
            ]
        },
        {
            "file_path": "./train/r_0021",
            "rotation": 0.0,
            "time": 0.6871508379888268,
            "fl_x": 965.6854249492379,
            "fl_y": 965.6854249492379,
            "cx": 400.0,
            "cy": 400.0,
            "w": 800,
            "h": 800,
            "transform_matrix": [
                [
                    -0.7071067811865475,
                    -0.6023502210107627,
                    0.3703703703703704,
                    1.0
                ],
                [
                    0.7071067811865475,
                    -0.6023502210107627,
                    0.3703703703703704,
                    1.0
                ],
                [
                    0.0,
                    0.5237828008789243,
                    0.8518518518518519,
                    2.8
                ],
                [
                    0.0,
                    0.0,
                    0.0,
                    1.0
                ]
            ]
        },
        {
            "file_path": "./train/r_0022",
            "rotation": 0.0,
            "time": 0.46368715083798884,
            "fl_x": 965.6854249492379,
            "fl_y": 965.6854249492379,
            "cx": 400.0,
            "cy": 400.0,
            "w": 800,
            "h": 800,
            "transform_matrix": [
                [
                    -0.7071067811865475,
                    -0.6023502210107627,
                    0.3703703703703704,
                    1.0
                ],
                [
                    0.7071067811865475,
                    -0.6023502210107627,
                    0.3703703703703704,
                    1.0
                ],
                [
                    0.0,
                    0.5237828008789243,
                    0.8518518518518519,
                    2.8
                ],
                [
                    0.0,
                    0.0,
                    0.0,
                    1.0
                ]
            ]
        },
        {
            "file_path": "./train/r_0023",
            "rotation": 0.0,
            "time": 0.055865921787709494,
            "fl_x": 965.6854249492379,
            "fl_y": 965.6854249492379,
            "cx": 400.0,
            "cy": 400.0,
            "w": 800,
            "h": 800,
            "transform_matrix": [
                [
                    -0.7071067811865475,
                    -0.6023502210107627,
                    0.3703703703703704,
                    1.0
                ],
                [
                    0.7071067811865475,
                    -0.6023502210107627,
                    0.3703703703703704,
                    1.0
                ],
                [
                    0.0,
                    0.5237828008789243,
                    0.8518518518518519,
                    2.8
                ],
                [
                    0.0,
                    0.0,
                    0.0,
                    1.0
                ]
            ]
        },
        {
            "file_path": "./train/r_0024",
            "rotation": 0.0,
            "time": 0.027932960893854747,
            "fl_x": 857.8027682038233,
            "fl_y": 857.8027682038233,
            "cx": 400.0,
            "cy": 400.0,
            "w": 800,
            "h": 800,
            "transform_matrix": [
                [
                    -0.7071067811865476,
                    0.39270291779351896,
                    -0.588034368346321,
                    -1.8
                ],
                [
                    -0.7071067811865476,
                    -0.39270291779351896,
                    0.588034368346321,
                    1.8
                ],
                [
                    0.0,
                    0.8316061788568636,
                    0.5553657923270809,
                    2.2
                ],
                [
                    0.0,
                    0.0,
                    0.0,
                    1.0
                ]
            ]
        },
        {
            "file_path": "./train/r_0025",
            "rotation": 0.0,
            "time": 0.5251396648044693,
            "fl_x": 857.8027682038233,
            "fl_y": 857.8027682038233,
            "cx": 400.0,
            "cy": 400.0,
            "w": 800,
            "h": 800,
            "transform_matrix": [
                [
                    -0.7071067811865476,
                    -0.39270291779351896,
                    0.588034368346321,
                    1.8
                ],
                [
                    0.7071067811865476,
                    -0.39270291779351896,
                    0.588034368346321,
                    1.8
                ],
                [
                    0.0,
                    0.8316061788568636,
                    0.5553657923270809,
                    2.2
                ],
                [
                    0.0,
                    0.0,
                    0.0,
                    1.0
                ]
            ]
        },
        {
            "file_path": "./train/r_0026",
            "rotation": 0.0,
            "time": 0.4301675977653631,
            "fl_x": 768.3928507884664,
            "fl_y": 768.3928507884664,
            "cx": 400.0,
            "cy": 400.0,
            "w": 800,
            "h": 800,
            "transform_matrix": [
                [
                    0.0,
                    -0.06651901052377392,
                    0.997785157856609,
                    1.5
                ],
                [
                    1.0,
                    0.0,
                    0.0,
                    0.0
                ],
                [
                    0.0,
                    0.997785157856609,
                    0.06651901052377392,
                    0.6
                ],
                [
                    0.0,
                    0.0,
                    0.0,
                    1.0
                ]
            ]
        },
        {
            "file_path": "./train/r_0027",
            "rotation": 0.0,
            "time": 0.40782122905027934,
            "fl_x": 857.8027682038233,
            "fl_y": 857.8027682038233,
            "cx": 400.0,
            "cy": 400.0,
            "w": 800,
            "h": 800,
            "transform_matrix": [
                [
                    -0.7071067811865476,
                    0.39270291779351896,
                    -0.588034368346321,
                    -1.8
                ],
                [
                    -0.7071067811865476,
                    -0.39270291779351896,
                    0.588034368346321,
                    1.8
                ],
                [
                    0.0,
                    0.8316061788568636,
                    0.5553657923270809,
                    2.2
                ],
                [
                    0.0,
                    0.0,
                    0.0,
                    1.0
                ]
            ]
        },
        {
            "file_path": "./train/r_0028",
            "rotation": 0.0,
            "time": 0.8268156424581006,
            "fl_x": 857.8027682038233,
            "fl_y": 857.8027682038233,
            "cx": 400.0,
            "cy": 400.0,
            "w": 800,
            "h": 800,
            "transform_matrix": [
                [
                    -0.7071067811865476,
                    0.39270291779351896,
                    -0.588034368346321,
                    -1.8
                ],
                [
                    -0.7071067811865476,
                    -0.39270291779351896,
                    0.588034368346321,
                    1.8
                ],
                [
                    0.0,
                    0.8316061788568636,
                    0.5553657923270809,
                    2.2
                ],
                [
                    0.0,
                    0.0,
                    0.0,
                    1.0
                ]
            ]
        },
        {
            "file_path": "./train/r_0029",
            "rotation": 0.0,
            "time": 0.13966480446927373,
            "fl_x": 857.8027682038233,
            "fl_y": 857.8027682038233,
            "cx": 400.0,
            "cy": 400.0,
            "w": 800,
            "h": 800,
            "transform_matrix": [
                [
                    -1.0,
                    0.0,
                    0.0,
                    0.0
                ],
                [
                    0.0,
                    -0.34174306308670443,
                    0.9397934234884372,
                    2.2
                ],
                [
                    0.0,
                    0.9397934234884372,
                    0.34174306308670443,
                    1.3
                ],
                [
                    0.0,
                    0.0,
                    0.0,
                    1.0
                ]
            ]
        },
        {
            "file_path": "./train/r_0030",
            "rotation": 0.0,
            "time": 0.2122905027932961,
            "fl_x": 857.8027682038233,
            "fl_y": 857.8027682038233,
            "cx": 400.0,
            "cy": 400.0,
            "w": 800,
            "h": 800,
            "transform_matrix": [
                [
                    0.0,
                    0.34174306308670443,
                    -0.9397934234884372,
                    -2.2
                ],
                [
                    -1.0,
                    0.0,
                    0.0,
                    0.0
                ],
                [
                    0.0,
                    0.9397934234884372,
                    0.34174306308670443,
                    1.3
                ],
                [
                    0.0,
                    0.0,
                    0.0,
                    1.0
                ]
            ]
        },
        {
            "file_path": "./train/r_0031",
            "rotation": 0.0,
            "time": 0.09497206703910614,
            "fl_x": 857.8027682038233,
            "fl_y": 857.8027682038233,
            "cx": 400.0,
            "cy": 400.0,
            "w": 800,
            "h": 800,
            "transform_matrix": [
                [
                    -1.0,
                    0.0,
                    0.0,
                    0.0
                ],
                [
                    0.0,
                    -0.34174306308670443,
                    0.9397934234884372,
                    2.2
                ],
                [
                    0.0,
                    0.9397934234884372,
                    0.34174306308670443,
                    1.3
                ],
                [
                    0.0,
                    0.0,
                    0.0,
                    1.0
                ]
            ]
        },
        {
            "file_path": "./train/r_0032",
            "rotation": 0.0,
            "time": 0.0446927374301676,
            "fl_x": 965.6854249492379,
            "fl_y": 965.6854249492379,
            "cx": 400.0,
            "cy": 400.0,
            "w": 800,
            "h": 800,
            "transform_matrix": [
                [
                    1.0,
                    0.0,
                    0.0,
                    0.0
                ],
                [
                    0.0,
                    1.0,
                    0.0,
                    0.0
                ],
                [
                    0.0,
                    0.0,
                    1.0,
                    3.0
                ],
                [
                    0.0,
                    0.0,
                    0.0,
                    1.0
                ]
            ]
        },
        {
            "file_path": "./train/r_0033",
            "rotation": 0.0,
            "time": 0.9664804469273743,
            "fl_x": 857.8027682038233,
            "fl_y": 857.8027682038233,
            "cx": 400.0,
            "cy": 400.0,
            "w": 800,
            "h": 800,
            "transform_matrix": [
                [
                    -0.7071067811865476,
                    0.39270291779351896,
                    -0.588034368346321,
                    -1.8
                ],
                [
                    -0.7071067811865476,
                    -0.39270291779351896,
                    0.588034368346321,
                    1.8
                ],
                [
                    0.0,
                    0.8316061788568636,
                    0.5553657923270809,
                    2.2
                ],
                [
                    0.0,
                    0.0,
                    0.0,
                    1.0
                ]
            ]
        },
        {
            "file_path": "./train/r_0034",
            "rotation": 0.0,
            "time": 0.6424581005586593,
            "fl_x": 965.6854249492379,
            "fl_y": 965.6854249492379,
            "cx": 400.0,
            "cy": 400.0,
            "w": 800,
            "h": 800,
            "transform_matrix": [
                [
                    -0.7071067811865475,
                    -0.6023502210107627,
                    0.3703703703703704,
                    1.0
                ],
                [
                    0.7071067811865475,
                    -0.6023502210107627,
                    0.3703703703703704,
                    1.0
                ],
                [
                    0.0,
                    0.5237828008789243,
                    0.8518518518518519,
                    2.8
                ],
                [
                    0.0,
                    0.0,
                    0.0,
                    1.0
                ]
            ]
        },
        {
            "file_path": "./train/r_0035",
            "rotation": 0.0,
            "time": 0.0,
            "fl_x": 857.8027682038233,
            "fl_y": 857.8027682038233,
            "cx": 400.0,
            "cy": 400.0,
            "w": 800,
            "h": 800,
            "transform_matrix": [
                [
                    0.0,
                    -0.34174306308670443,
                    0.9397934234884372,
                    2.2
                ],
                [
                    1.0,
                    0.0,
                    0.0,
                    0.0
                ],
                [
                    0.0,
                    0.9397934234884372,
                    0.34174306308670443,
                    1.3
                ],
                [
                    0.0,
                    0.0,
                    0.0,
                    1.0
                ]
            ]
        },
        {
            "file_path": "./train/r_0036",
            "rotation": 0.0,
            "time": 0.8324022346368715,
            "fl_x": 857.8027682038233,
            "fl_y": 857.8027682038233,
            "cx": 400.0,
            "cy": 400.0,
            "w": 800,
            "h": 800,
            "transform_matrix": [
                [
                    0.7071067811865476,
                    0.39270291779351896,
                    -0.588034368346321,
                    -1.8
                ],
                [
                    -0.7071067811865476,
                    0.39270291779351896,
                    -0.588034368346321,
                    -1.8
                ],
                [
                    0.0,
                    0.8316061788568636,
                    0.5553657923270809,
                    2.2
                ],
                [
                    0.0,
                    0.0,
                    0.0,
                    1.0
                ]
            ]
        },
        {
            "file_path": "./train/r_0037",
            "rotation": 0.0,
            "time": 0.8156424581005587,
            "fl_x": 965.6854249492379,
            "fl_y": 965.6854249492379,
            "cx": 400.0,
            "cy": 400.0,
            "w": 800,
            "h": 800,
            "transform_matrix": [
                [
                    1.0,
                    0.0,
                    0.0,
                    0.0
                ],
                [
                    0.0,
                    1.0,
                    0.0,
                    0.0
                ],
                [
                    0.0,
                    0.0,
                    1.0,
                    3.0
                ],
                [
                    0.0,
                    0.0,
                    0.0,
                    1.0
                ]
            ]
        },
        {
            "file_path": "./train/r_0038",
            "rotation": 0.0,
            "time": 0.6983240223463687,
            "fl_x": 965.6854249492379,
            "fl_y": 965.6854249492379,
            "cx": 400.0,
            "cy": 400.0,
            "w": 800,
            "h": 800,
            "transform_matrix": [
                [
                    1.0,
                    0.0,
                    0.0,
                    0.0
                ],
                [
                    0.0,
                    1.0,
                    0.0,
                    0.0
                ],
                [
                    0.0,
                    0.0,
                    1.0,
                    3.0
                ],
                [
                    0.0,
                    0.0,
                    0.0,
                    1.0
                ]
            ]
        },
        {
            "file_path": "./train/r_0039",
            "rotation": 0.0,
            "time": 0.24581005586592178,
            "fl_x": 857.8027682038233,
            "fl_y": 857.8027682038233,
            "cx": 400.0,
            "cy": 400.0,
            "w": 800,
            "h": 800,
            "transform_matrix": [
                [
                    0.7071067811865476,
                    -0.39270291779351896,
                    0.588034368346321,
                    1.8
                ],
                [
                    0.7071067811865476,
                    0.39270291779351896,
                    -0.588034368346321,
                    -1.8
                ],
                [
                    -0.0,
                    0.8316061788568636,
                    0.5553657923270809,
                    2.2
                ],
                [
                    0.0,
                    0.0,
                    0.0,
                    1.0
                ]
            ]
        },
        {
            "file_path": "./train/r_0040",
            "rotation": 0.0,
            "time": 0.5418994413407822,
            "fl_x": 857.8027682038233,
            "fl_y": 857.8027682038233,
            "cx": 400.0,
            "cy": 400.0,
            "w": 800,
            "h": 800,
            "transform_matrix": [
                [
                    0.7071067811865476,
                    -0.39270291779351896,
                    0.588034368346321,
                    1.8
                ],
                [
