{
    "camera_angle_x": 0.8726646259971649,
    "frames": [
        {
            "file_path": "./train/r_0000",
            "rotation": 0.0,
            "time": 0.0,
            "fl_x": 857.8027682038233,
            "fl_y": 857.8027682038233,
            "cx": 400.0,
            "cy": 400.0,
            "w": 800,
            "h": 800,
            "transform_matrix": [
                [
                    0.0,
                    -0.303203657276947,
                    0.952925780013262,
                    4.5
                ],
                [
                    1.0,
                    0.0,
                    0.0,
                    0.0
                ],
                [
                    0.0,
                    0.952925780013262,
                    0.303203657276947,
                    2.25
                ],
                [
                    0.0,
                    0.0,
                    0.0,
                    1.0
                ]
            ]
        },
        {
            "file_path": "./train/r_0001",
            "rotation": 0.0,
            "time": 0.00558659217877095,
            "fl_x": 857.8027682038233,
            "fl_y": 857.8027682038233,
            "cx": 400.0,
            "cy": 400.0,
            "w": 800,
            "h": 800,
            "transform_matrix": [
                [
                    -0.9761870601839528,
                    -0.07699167572506901,
                    0.20280805062535753,
                    0.0
                ],
                [
                    0.2169304578186562,
                    -0.3464625407628106,
                    0.9126362278141089,
                    4.5
                ],
                [
                    0.0,
                    0.9348989195186952,
                    0.3549140885943757,
                    2.25
                ],
                [
                    0.0,
                    0.0,
                    0.0,
                    1.0
                ]
            ]
        },
        {
            "file_path": "./train/r_0002",
            "rotation": 0.0,
            "time": 0.0111731843575419,
            "fl_x": 965.6854249492379,
            "fl_y": 965.6854249492379,
            "cx": 400.0,
            "cy": 400.0,
            "w": 800,
            "h": 800,
            "transform_matrix": [
                [
                    0.0,
                    -0.978549784986749,
                    0.2060104810498419,
                    0.0
                ],
                [
                    1.0,
                    0.0,
                    0.0,
                    0.0
                ],
                [
                    0.0,
                    0.2060104810498419,
                    0.978549784986749,
                    5.25
                ],
                [
                    0.0,
                    0.0,
                    0.0,
                    1.0
                ]
            ]
        },
        {
            "file_path": "./train/r_0003",
            "rotation": 0.0,
            "time": 0.01675977653631285,
            "fl_x": 965.6854249492379,
            "fl_y": 965.6854249492379,
            "cx": 400.0,
            "cy": 400.0,
            "w": 800,
            "h": 800,
            "transform_matrix": [
                [
                    -0.5692099788303083,
                    -0.5848144194001547,
                    0.5779204918167031,
                    2.25
                ],
                [
                    0.8221921916437785,
                    -0.4048715211231841,
                    0.40009880202694836,
                    2.25
                ],
                [
                    0.0,
                    0.7029019463944166,
                    0.7112867591590193,
                    4.5
                ],
                [
                    0.0,
                    0.0,
                    0.0,
                    1.0
                ]
            ]
        },
        {
            "file_path": "./train/r_0004",
            "rotation": 0.0,
            "time": 0.0223463687150838,
            "fl_x": 857.8027682038233,
            "fl_y": 857.8027682038233,
            "cx": 400.0,
            "cy": 400.0,
            "w": 800,
            "h": 800,
            "transform_matrix": [
                [
                    0.0,
                    0.44721359549995804,
                    -0.8944271909999159,
                    -4.5
                ],
                [
                    -1.0,
                    0.0,
                    0.0,
                    0.0
                ],
                [
                    0.0,
                    0.8944271909999161,
                    0.4472135954999579,
                    2.25
                ],
                [
                    0.0,
                    0.0,
                    0.0,
                    1.0
                ]
            ]
        },
        {
            "file_path": "./train/r_0005",
            "rotation": 0.0,
            "time": 0.027932960893854747,
            "fl_x": 857.8027682038233,
            "fl_y": 857.8027682038233,
            "cx": 400.0,
            "cy": 400.0,
            "w": 800,
            "h": 800,
            "transform_matrix": [
                [
                    0.9761870601839528,
                    -0.07699167572506901,
                    0.20280805062535753,
                    0.0
                ],
                [
                    0.2169304578186562,
                    0.3464625407628106,
                    -0.9126362278141089,
                    -4.5
                ],
                [
                    -0.0,
                    0.9348989195186952,
                    0.3549140885943757,
                    2.25
                ],
                [
                    0.0,
                    0.0,
                    0.0,
                    1.0
                ]
            ]
        },
        {
            "file_path": "./train/r_0006",
            "rotation": 0.0,
            "time": 0.0335195530726257,
            "fl_x": 857.8027682038233,
            "fl_y": 857.8027682038233,
            "cx": 400.0,
            "cy": 400.0,
            "w": 800,
            "h": 800,
            "transform_matrix": [
                [
                    -0.6196442885790207,
                    -0.37134251071909463,
                    0.691480798984497,
                    3.75
                ],
                [
                    0.7848827655334262,
                    -0.29316514004139055,
                    0.5459058939351292,
                    3.75
                ],
                [
                    0.0,
                    0.8809988310987429,
                    0.47311844141044535,
                    3.75
                ],
                [
                    0.0,
                    0.0,
                    0.0,
                    1.0
                ]
            ]
        },
        {
            "file_path": "./train/r_0007",
            "rotation": 0.0,
            "time": 0.03910614525139665,
            "fl_x": 857.8027682038233,
            "fl_y": 857.8027682038233,
            "cx": 400.0,
            "cy": 400.0,
            "w": 800,
            "h": 800,
            "transform_matrix": [
                [
                    -0.8064049958557056,
                    0.3387617545536684,
                    -0.4847179141631549,
                    -3.75
                ],
                [
                    -0.5913636636275174,
                    -0.46194784711863884,
                    0.6609789738588476,
                    3.75
                ],
                [
                    0.0,
                    0.8196613082207643,
                    0.5728484440110012,
                    3.75
                ],
                [
                    0.0,
                    0.0,
                    0.0,
                    1.0
                ]
            ]
        },
        {
            "file_path": "./train/r_0008",
            "rotation": 0.0,
            "time": 0.0446927374301676,
            "fl_x": 857.8027682038233,
            "fl_y": 857.8027682038233,
            "cx": 400.0,
            "cy": 400.0,
            "w": 800,
            "h": 800,
            "transform_matrix": [
                [
                    0.6196442885790207,
                    -0.37134251071909463,
                    0.691480798984497,
                    3.75
                ],
                [
                    0.7848827655334262,
                    0.29316514004139055,
                    -0.5459058939351292,
                    -3.75
                ],
                [
                    -0.0,
                    0.8809988310987429,
                    0.47311844141044535,
                    3.75
                ],
                [
                    0.0,
                    0.0,
                    0.0,
                    1.0
                ]
            ]
        },
        {
            "file_path": "./train/r_0009",
            "rotation": 0.0,
            "time": 0.05027932960893855,
            "fl_x": 857.8027682038233,
            "fl_y": 857.8027682038233,
            "cx": 400.0,
            "cy": 400.0,
            "w": 800,
            "h": 800,
            "transform_matrix": [
                [
                    0.8064049958557056,
                    0.3387617545536684,
                    -0.4847179141631549,
                    -3.75
                ],
                [
                    -0.5913636636275174,
                    0.46194784711863884,
                    -0.6609789738588476,
                    -3.75
                ],
                [
                    0.0,
                    0.8196613082207643,
                    0.5728484440110012,
                    3.75
                ],
                [
                    0.0,
                    0.0,
                    0.0,
                    1.0
                ]
            ]
        },
        {
            "file_path": "./train/r_0010",
            "rotation": 0.0,
            "time": 0.055865921787709494,
            "fl_x": 768.3928507884664,
            "fl_y": 768.3928507884664,
            "cx": 400.0,
            "cy": 400.0,
            "w": 800,
            "h": 800,
            "transform_matrix": [
                [
                    0.0,
                    -0.1362183404787282,
                    0.9906788398452958,
                    3.0
                ],
                [
                    1.0,
                    0.0,
                    0.0,
                    0.0
                ],
                [
                    0.0,
                    0.9906788398452958,
                    0.1362183404787282,
                    1.05
                ],
                [
                    0.0,
                    0.0,
                    0.0,
                    1.0
                ]
            ]
        },
        {
            "file_path": "./train/r_0011",
            "rotation": 0.0,
            "time": 0.061452513966480445,
            "fl_x": 768.3928507884664,
            "fl_y": 768.3928507884664,
            "cx": 400.0,
            "cy": 400.0,
            "w": 800,
            "h": 800,
            "transform_matrix": [
                [
                    0.0,
                    0.2651564830210424,
                    -0.9642053928037905,
                    -3.0
                ],
                [
                    -1.0,
                    0.0,
                    0.0,
                    0.0
                ],
                [
                    0.0,
                    0.9642053928037905,
                    0.2651564830210424,
                    1.05
                ],
                [
                    0.0,
                    0.0,
                    0.0,
                    1.0
                ]
            ]
        },
        {
            "file_path": "./train/r_0012",
            "rotation": 0.0,
            "time": 0.0670391061452514,
            "fl_x": 857.8027682038233,
            "fl_y": 857.8027682038233,
            "cx": 400.0,
            "cy": 400.0,
            "w": 800,
            "h": 800,
            "transform_matrix": [
                [
                    0.0,
                    -0.303203657276947,
                    0.952925780013262,
                    4.5
                ],
                [
                    1.0,
                    0.0,
                    0.0,
                    0.0
                ],
                [
                    0.0,
                    0.952925780013262,
                    0.303203657276947,
                    2.25
                ],
                [
                    0.0,
                    0.0,
                    0.0,
                    1.0
                ]
            ]
        },
        {
            "file_path": "./train/r_0013",
            "rotation": 0.0,
            "time": 0.07262569832402235,
            "fl_x": 857.8027682038233,
            "fl_y": 857.8027682038233,
            "cx": 400.0,
            "cy": 400.0,
            "w": 800,
            "h": 800,
            "transform_matrix": [
                [
                    -0.9761870601839528,
                    -0.07699167572506901,
                    0.20280805062535753,
                    0.0
                ],
                [
                    0.2169304578186562,
                    -0.3464625407628106,
                    0.9126362278141089,
                    4.5
                ],
                [
                    0.0,
                    0.9348989195186952,
                    0.3549140885943757,
                    2.25
                ],
                [
                    0.0,
                    0.0,
                    0.0,
                    1.0
                ]
            ]
        },
        {
            "file_path": "./train/r_0014",
            "rotation": 0.0,
            "time": 0.11173184357541899,
            "fl_x": 857.8027682038233,
            "fl_y": 857.8027682038233,
            "cx": 400.0,
            "cy": 400.0,
            "w": 800,
            "h": 800,
            "transform_matrix": [
                [
                    0.6196442885790207,
                    -0.37134251071909463,
                    0.691480798984497,
                    3.75
                ],
                [
                    0.7848827655334262,
                    0.29316514004139055,
                    -0.5459058939351292,
                    -3.75
                ],
                [
                    -0.0,
                    0.8809988310987429,
                    0.47311844141044535,
                    3.75
                ],
                [
                    0.0,
                    0.0,
                    0.0,
                    1.0
                ]
            ]
        },
        {
            "file_path": "./train/r_0015",
            "rotation": 0.0,
            "time": 0.11731843575418995,
            "fl_x": 857.8027682038233,
            "fl_y": 857.8027682038233,
            "cx": 400.0,
            "cy": 400.0,
            "w": 800,
            "h": 800,
            "transform_matrix": [
                [
                    0.8064049958557056,
                    0.3387617545536684,
                    -0.4847179141631549,
                    -3.75
                ],
                [
                    -0.5913636636275174,
                    0.46194784711863884,
                    -0.6609789738588476,
                    -3.75
                ],
                [
                    0.0,
                    0.8196613082207643,
                    0.5728484440110012,
                    3.75
                ],
                [
                    0.0,
                    0.0,
                    0.0,
                    1.0
                ]
            ]
        },
        {
            "file_path": "./train/r_0016",
            "rotation": 0.0,
            "time": 0.12290502793296089,
            "fl_x": 768.3928507884664,
            "fl_y": 768.3928507884664,
            "cx": 400.0,
            "cy": 400.0,
            "w": 800,
            "h": 800,
            "transform_matrix": [
                [
                    0.0,
                    -0.1362183404787282,
                    0.9906788398452958,
                    3.0
                ],
                [
                    1.0,
                    0.0,
                    0.0,
                    0.0
                ],
                [
                    0.0,
                    0.9906788398452958,
                    0.1362183404787282,
                    1.05
                ],
                [
                    0.0,
                    0.0,
                    0.0,
                    1.0
                ]
            ]
        },
        {
            "file_path": "./train/r_0017",
            "rotation": 0.0,
            "time": 0.12849162011173185,
            "fl_x": 768.3928507884664,
            "fl_y": 768.3928507884664,
            "cx": 400.0,
            "cy": 400.0,
            "w": 800,
            "h": 800,
            "transform_matrix": [
                [
                    0.0,
                    0.2651564830210424,
                    -0.9642053928037905,
                    -3.0
                ],
                [
                    -1.0,
                    0.0,
                    0.0,
                    0.0
                ],
                [
                    0.0,
                    0.9642053928037905,
                    0.2651564830210424,
                    1.05
                ],
                [
                    0.0,
                    0.0,
                    0.0,
                    1.0
                ]
            ]
        },
        {
            "file_path": "./train/r_0018",
            "rotation": 0.0,
            "time": 0.1340782122905028,
            "fl_x": 857.8027682038233,
            "fl_y": 857.8027682038233,
            "cx": 400.0,
            "cy": 400.0,
            "w": 800,
            "h": 800,
            "transform_matrix": [
                [
                    0.0,
                    -0.303203657276947,
                    0.952925780013262,
                    4.5
                ],
                [
                    1.0,
                    0.0,
                    0.0,
                    0.0
                ],
                [
                    0.0,
                    0.952925780013262,
                    0.303203657276947,
                    2.25
                ],
                [
                    0.0,
                    0.0,
                    0.0,
                    1.0
                ]
            ]
        },
        {
            "file_path": "./train/r_0019",
            "rotation": 0.0,
            "time": 0.13966480446927373,
            "fl_x": 857.8027682038233,
            "fl_y": 857.8027682038233,
            "cx": 400.0,
            "cy": 400.0,
            "w": 800,
            "h": 800,
            "transform_matrix": [
                [
                    -0.9761870601839528,
                    -0.07699167572506901,
                    0.20280805062535753,
                    0.0
                ],
                [
                    0.2169304578186562,
                    -0.3464625407628106,
                    0.9126362278141089,
                    4.5
                ],
                [
                    0.0,
                    0.9348989195186952,
                    0.3549140885943757,
                    2.25
                ],
                [
                    0.0,
                    0.0,
                    0.0,
                    1.0
                ]
            ]
        },
        {
            "file_path": "./train/r_0020",
            "rotation": 0.0,
            "time": 0.1452513966480447,
            "fl_x": 965.6854249492379,
            "fl_y": 965.6854249492379,
            "cx": 400.0,
            "cy": 400.0,
            "w": 800,
            "h": 800,
            "transform_matrix": [
                [
                    0.0,
                    -0.978549784986749,
                    0.2060104810498419,
                    0.0
                ],
                [
                    1.0,
                    0.0,
                    0.0,
                    0.0
                ],
                [
                    0.0,
                    0.2060104810498419,
                    0.978549784986749,
                    5.25
                ],
                [
                    0.0,
                    0.0,
                    0.0,
                    1.0
                ]
            ]
        },
        {
            "file_path": "./train/r_0021",
            "rotation": 0.0,
            "time": 0.15083798882681565,
            "fl_x": 965.6854249492379,
            "fl_y": 965.6854249492379,
            "cx": 400.0,
            "cy": 400.0,
            "w": 800,
            "h": 800,
            "transform_matrix": [
                [
                    -0.5692099788303083,
                    -0.5848144194001547,
                    0.5779204918167031,
                    2.25
                ],
                [
                    0.8221921916437785,
                    -0.4048715211231841,
                    0.40009880202694836,
                    2.25
                ],
                [
                    0.0,
                    0.7029019463944166,
                    0.7112867591590193,
                    4.5
                ],
                [
                    0.0,
                    0.0,
                    0.0,
                    1.0
                ]
            ]
        },
        {
            "file_path": "./train/r_0022",
            "rotation": 0.0,
            "time": 0.1564245810055866,
            "fl_x": 857.8027682038233,
            "fl_y": 857.8027682038233,
            "cx": 400.0,
            "cy": 400.0,
            "w": 800,
            "h": 800,
            "transform_matrix": [
                [
                    0.0,
                    0.44721359549995804,
                    -0.8944271909999159,
                    -4.5
                ],
                [
                    -1.0,
                    0.0,
                    0.0,
                    0.0
                ],
                [
                    0.0,
                    0.8944271909999161,
                    0.4472135954999579,
                    2.25
                ],
                [
                    0.0,
                    0.0,
                    0.0,
                    1.0
                ]
            ]
        },
        {
            "file_path": "./train/r_0023",
            "rotation": 0.0,
            "time": 0.16201117318435754,
            "fl_x": 857.8027682038233,
            "fl_y": 857.8027682038233,
            "cx": 400.0,
            "cy": 400.0,
            "w": 800,
            "h": 800,
            "transform_matrix": [
                [
                    0.9761870601839528,
                    -0.07699167572506901,
                    0.20280805062535753,
                    0.0
                ],
                [
                    0.2169304578186562,
                    0.3464625407628106,
                    -0.9126362278141089,
                    -4.5
                ],
                [
                    -0.0,
                    0.9348989195186952,
                    0.3549140885943757,
                    2.25
                ],
                [
                    0.0,
                    0.0,
                    0.0,
                    1.0
                ]
            ]
        },
        {
            "file_path": "./train/r_0024",
            "rotation": 0.0,
            "time": 0.16759776536312848,
            "fl_x": 857.8027682038233,
            "fl_y": 857.8027682038233,
            "cx": 400.0,
            "cy": 400.0,
            "w": 800,
            "h": 800,
            "transform_matrix": [
                [
                    -0.6196442885790207,
                    -0.37134251071909463,
                    0.691480798984497,
                    3.75
                ],
                [
                    0.7848827655334262,
                    -0.29316514004139055,
                    0.5459058939351292,
                    3.75
                ],
                [
                    0.0,
                    0.8809988310987429,
                    0.47311844141044535,
                    3.75
                ],
                [
                    0.0,
                    0.0,
                    0.0,
                    1.0
                ]
            ]
        },
        {
            "file_path": "./train/r_0025",
            "rotation": 0.0,
            "time": 0.17318435754189945,
            "fl_x": 857.8027682038233,
            "fl_y": 857.8027682038233,
            "cx": 400.0,
            "cy": 400.0,
            "w": 800,
            "h": 800,
            "transform_matrix": [
                [
                    -0.8064049958557056,
                    0.3387617545536684,
                    -0.4847179141631549,
                    -3.75
                ],
                [
                    -0.5913636636275174,
                    -0.46194784711863884,
                    0.6609789738588476,
                    3.75
                ],
                [
                    0.0,
                    0.8196613082207643,
                    0.5728484440110012,
                    3.75
                ],
                [
                    0.0,
                    0.0,
                    0.0,
                    1.0
                ]
            ]
        },
        {
            "file_path": "./train/r_0026",
            "rotation": 0.0,
            "time": 0.1787709497206704,
            "fl_x": 857.8027682038233,
            "fl_y": 857.8027682038233,
            "cx": 400.0,
            "cy": 400.0,
            "w": 800,
            "h": 800,
            "transform_matrix": [
                [
                    0.6196442885790207,
                    -0.37134251071909463,
                    0.691480798984497,
                    3.75
                ],
                [
                    0.7848827655334262,
                    0.29316514004139055,
                    -0.5459058939351292,
                    -3.75
                ],
                [
                    -0.0,
                    0.8809988310987429,
                    0.47311844141044535,
                    3.75
                ],
                [
                    0.0,
                    0.0,
                    0.0,
                    1.0
                ]
            ]
        },
        {
            "file_path": "./train/r_0027",
            "rotation": 0.0,
            "time": 0.18435754189944134,
            "fl_x": 857.8027682038233,
            "fl_y": 857.8027682038233,
            "cx": 400.0,
            "cy": 400.0,
            "w": 800,
            "h": 800,
            "transform_matrix": [
                [
                    0.8064049958557056,
                    0.3387617545536684,
                    -0.4847179141631549,
                    -3.75
                ],
                [
                    -0.5913636636275174,
                    0.46194784711863884,
                    -0.6609789738588476,
                    -3.75
                ],
                [
                    0.0,
                    0.8196613082207643,
                    0.5728484440110012,
                    3.75
                ],
                [
                    0.0,
                    0.0,
                    0.0,
                    1.0
                ]
            ]
        },
        {
            "file_path": "./train/r_0028",
            "rotation": 0.0,
            "time": 0.22346368715083798,
            "fl_x": 857.8027682038233,
            "fl_y": 857.8027682038233,
            "cx": 400.0,
            "cy": 400.0,
            "w": 800,
            "h": 800,
            "transform_matrix": [
                [
                    0.0,
                    0.44721359549995804,
                    -0.8944271909999159,
                    -4.5
                ],
                [
                    -1.0,
                    0.0,
                    0.0,
                    0.0
                ],
                [
                    0.0,
                    0.8944271909999161,
                    0.4472135954999579,
                    2.25
                ],
                [
                    0.0,
                    0.0,
                    0.0,
                    1.0
                ]
            ]
        },
        {
            "file_path": "./train/r_0029",
            "rotation": 0.0,
            "time": 0.22905027932960895,
            "fl_x": 857.8027682038233,
            "fl_y": 857.8027682038233,
            "cx": 400.0,
            "cy": 400.0,
            "w": 800,
            "h": 800,
            "transform_matrix": [
                [
                    0.9761870601839528,
                    -0.07699167572506901,
                    0.20280805062535753,
                    0.0
                ],
                [
                    0.2169304578186562,
                    0.3464625407628106,
                    -0.9126362278141089,
                    -4.5
                ],
                [
                    -0.0,
                    0.9348989195186952,
                    0.3549140885943757,
                    2.25
                ],
                [
                    0.0,
                    0.0,
                    0.0,
                    1.0
                ]
            ]
        },
        {
            "file_path": "./train/r_0030",
            "rotation": 0.0,
            "time": 0.2346368715083799,
            "fl_x": 857.8027682038233,
            "fl_y": 857.8027682038233,
            "cx": 400.0,
            "cy": 400.0,
            "w": 800,
            "h": 800,
            "transform_matrix": [
                [
                    -0.6196442885790207,
                    -0.37134251071909463,
                    0.691480798984497,
                    3.75
                ],
                [
                    0.7848827655334262,
                    -0.29316514004139055,
                    0.5459058939351292,
                    3.75
                ],
                [
                    0.0,
                    0.8809988310987429,
                    0.47311844141044535,
                    3.75
                ],
                [
                    0.0,
                    0.0,
                    0.0,
                    1.0
                ]
            ]
        },
        {
            "file_path": "./train/r_0031",
            "rotation": 0.0,
            "time": 0.24022346368715083,
            "fl_x": 857.8027682038233,
            "fl_y": 857.8027682038233,
            "cx": 400.0,
            "cy": 400.0,
            "w": 800,
            "h": 800,
            "transform_matrix": [
                [
                    -0.8064049958557056,
                    0.3387617545536684,
                    -0.4847179141631549,
                    -3.75
                ],
                [
                    -0.5913636636275174,
                    -0.46194784711863884,
                    0.6609789738588476,
                    3.75
                ],
                [
                    0.0,
                    0.8196613082207643,
                    0.5728484440110012,
                    3.75
                ],
                [
                    0.0,
                    0.0,
                    0.0,
                    1.0
                ]
            ]
        },
        {
            "file_path": "./train/r_0032",
            "rotation": 0.0,
            "time": 0.24581005586592178,
            "fl_x": 857.8027682038233,
            "fl_y": 857.8027682038233,
            "cx": 400.0,
            "cy": 400.0,
            "w": 800,
            "h": 800,
            "transform_matrix": [
                [
                    0.6196442885790207,
                    -0.37134251071909463,
                    0.691480798984497,
                    3.75
                ],
                [
                    0.7848827655334262,
                    0.29316514004139055,
                    -0.5459058939351292,
                    -3.75
                ],
                [
                    -0.0,
                    0.8809988310987429,
                    0.47311844141044535,
                    3.75
                ],
                [
                    0.0,
                    0.0,
                    0.0,
                    1.0
                ]
            ]
        },
        {
            "file_path": "./train/r_0033",
            "rotation": 0.0,
            "time": 0.25139664804469275,
            "fl_x": 857.8027682038233,
            "fl_y": 857.8027682038233,
            "cx": 400.0,
            "cy": 400.0,
            "w": 800,
            "h": 800,
            "transform_matrix": [
                [
                    0.8064049958557056,
                    0.3387617545536684,
                    -0.4847179141631549,
                    -3.75
                ],
                [
                    -0.5913636636275174,
                    0.46194784711863884,
                    -0.6609789738588476,
                    -3.75
                ],
                [
                    0.0,
                    0.8196613082207643,
                    0.5728484440110012,
                    3.75
                ],
                [
                    0.0,
                    0.0,
                    0.0,
                    1.0
                ]
            ]
        },
        {
            "file_path": "./train/r_0034",
            "rotation": 0.0,
            "time": 0.2569832402234637,
            "fl_x": 768.3928507884664,
            "fl_y": 768.3928507884664,
            "cx": 400.0,
            "cy": 400.0,
            "w": 800,
            "h": 800,
            "transform_matrix": [
                [
                    0.0,
                    -0.1362183404787282,
                    0.9906788398452958,
                    3.0
                ],
                [
                    1.0,
                    0.0,
                    0.0,
                    0.0
                ],
                [
                    0.0,
                    0.9906788398452958,
                    0.1362183404787282,
                    1.05
                ],
                [
                    0.0,
                    0.0,
                    0.0,
                    1.0
                ]
            ]
        },
        {
            "file_path": "./train/r_0035",
            "rotation": 0.0,
            "time": 0.26256983240223464,
            "fl_x": 768.3928507884664,
            "fl_y": 768.3928507884664,
            "cx": 400.0,
            "cy": 400.0,
            "w": 800,
            "h": 800,
            "transform_matrix": [
                [
                    0.0,
                    0.2651564830210424,
                    -0.9642053928037905,
                    -3.0
                ],
                [
                    -1.0,
                    0.0,
                    0.0,
                    0.0
                ],
                [
                    0.0,
                    0.9642053928037905,
                    0.2651564830210424,
                    1.05
                ],
                [
                    0.0,
                    0.0,
                    0.0,
                    1.0
                ]
            ]
        },
        {
            "file_path": "./train/r_0036",
            "rotation": 0.0,
            "time": 0.2681564245810056,
            "fl_x": 857.8027682038233,
            "fl_y": 857.8027682038233,
            "cx": 400.0,
            "cy": 400.0,
            "w": 800,
            "h": 800,
            "transform_matrix": [
                [
                    0.0,
                    -0.303203657276947,
                    0.952925780013262,
                    4.5
                ],
                [
                    1.0,
                    0.0,
                    0.0,
                    0.0
                ],
                [
                    0.0,
                    0.952925780013262,
                    0.303203657276947,
                    2.25
                ],
                [
                    0.0,
                    0.0,
                    0.0,
                    1.0
                ]
            ]
        },
        {
            "file_path": "./train/r_0037",
            "rotation": 0.0,
            "time": 0.2737430167597765,
            "fl_x": 857.8027682038233,
            "fl_y": 857.8027682038233,
            "cx": 400.0,
            "cy": 400.0,
            "w": 800,
            "h": 800,
            "transform_matrix": [
                [
                    -0.9761870601839528,
                    -0.07699167572506901,
                    0.20280805062535753,
                    0.0
                ],
                [
                    0.2169304578186562,
                    -0.3464625407628106,
                    0.9126362278141089,
                    4.5
                ],
                [
                    0.0,
                    0.9348989195186952,
                    0.3549140885943757,
                    2.25
                ],
                [
                    0.0,
                    0.0,
                    0.0,
                    1.0
                ]
            ]
        },
        {
            "file_path": "./train/r_0038",
            "rotation": 0.0,
            "time": 0.27932960893854747,
            "fl_x": 965.6854249492379,
            "fl_y": 965.6854249492379,
            "cx": 400.0,
            "cy": 400.0,
            "w": 800,
            "h": 800,
            "transform_matrix": [
                [
                    0.0,
                    -0.978549784986749,
                    0.2060104810498419,
                    0.0
                ],
                [
                    1.0,
                    0.0,
                    0.0,
                    0.0
                ],
                [
                    0.0,
                    0.2060104810498419,
                    0.978549784986749,
                    5.25
                ],
                [
                    0.0,
                    0.0,
                    0.0,
                    1.0
                ]
            ]
        },
        {
            "file_path": "./train/r_0039",
            "rotation": 0.0,
            "time": 0.2849162011173184,
            "fl_x": 965.6854249492379,
            "fl_y": 965.6854249492379,
            "cx": 400.0,
            "cy": 400.0,
            "w": 800,
            "h": 800,
            "transform_matrix": [
                [
                    -0.5692099788303083,
                    -0.5848144194001547,
                    0.5779204918167031,
                    2.25
                ],
                [
                    0.8221921916437785,
                    -0.4048715211231841,
                    0.40009880202694836,
                    2.25
                ],
                [
                    0.0,
                    0.7029019463944166,
                    0.7112867591590193,
                    4.5
                ],
                [
                    0.0,
                    0.0,
                    0.0,
                    1.0
                ]
            ]
        },
        {
