{
    "camera_angle_x": 0.8726646259971649,
    "frames": [
        {
            "file_path": "./train/r_0000",
            "rotation": 0.0,
            "time": 0.0,
            "fl_x": 857.8027682038233,
            "fl_y": 857.8027682038233,
            "cx": 400.0,
            "cy": 400.0,
            "w": 800,
            "h": 800,
            "transform_matrix": [
                [
                    0.0,
                    -0.31622776601683794,
                    0.9486832980505139,
                    5.25
                ],
                [
                    0.9999999999999999,
                    0.0,
                    0.0,
                    0.0
                ],
                [
                    0.0,
                    0.948683298050514,
                    0.31622776601683794,
                    2.25
                ],
                [
                    0.0,
                    0.0,
                    0.0,
                    1.0
                ]
            ]
        },
        {
            "file_path": "./train/r_0001",
            "rotation": 0.0,
            "time": 0.008403361344537815,
            "fl_x": 857.8027682038233,
            "fl_y": 857.8027682038233,
            "cx": 400.0,
            "cy": 400.0,
            "w": 800,
            "h": 800,
            "transform_matrix": [
                [
                    -0.9999999999999999,
                    0.0,
                    0.0,
                    0.0
                ],
                [
                    0.0,
                    -0.31622776601683794,
                    0.9486832980505139,
                    5.25
                ],
                [
                    0.0,
                    0.948683298050514,
                    0.31622776601683794,
                    2.25
                ],
                [
                    0.0,
                    0.0,
                    0.0,
                    1.0
                ]
            ]
        },
        {
            "file_path": "./train/r_0002",
            "rotation": 0.0,
            "time": 0.01680672268907563,
            "fl_x": 965.6854249492379,
            "fl_y": 965.6854249492379,
            "cx": 400.0,
            "cy": 400.0,
            "w": 800,
            "h": 800,
            "transform_matrix": [
                [
                    1.0,
                    0.0,
                    0.0,
                    0.0
                ],
                [
                    0.0,
                    1.0,
                    0.0,
                    0.0
                ],
                [
                    0.0,
                    0.0,
                    1.0,
                    6.0
                ],
                [
                    0.0,
                    0.0,
                    0.0,
                    1.0
                ]
            ]
        },
        {
            "file_path": "./train/r_0003",
            "rotation": 0.0,
            "time": 0.025210084033613446,
            "fl_x": 965.6854249492379,
            "fl_y": 965.6854249492379,
            "cx": 400.0,
            "cy": 400.0,
            "w": 800,
            "h": 800,
            "transform_matrix": [
                [
                    -0.7071067811865475,
                    -0.587472793397951,
                    0.3935425225019635,
                    2.25
                ],
                [
                    0.7071067811865475,
                    -0.587472793397951,
                    0.3935425225019635,
                    2.25
                ],
                [
                    0.0,
                    0.5565531726927956,
                    0.8308119919485896,
                    5.25
                ],
                [
                    0.0,
                    0.0,
                    0.0,
                    1.0
                ]
            ]
        },
        {
            "file_path": "./train/r_0004",
            "rotation": 0.0,
            "time": 0.03361344537815126,
            "fl_x": 857.8027682038233,
            "fl_y": 857.8027682038233,
            "cx": 400.0,
            "cy": 400.0,
            "w": 800,
            "h": 800,
            "transform_matrix": [
                [
                    0.0,
                    0.31622776601683794,
                    -0.9486832980505139,
                    -5.25
                ],
                [
                    -0.9999999999999999,
                    0.0,
                    0.0,
                    0.0
                ],
                [
                    0.0,
                    0.948683298050514,
                    0.31622776601683794,
                    2.25
                ],
                [
                    0.0,
                    0.0,
                    0.0,
                    1.0
                ]
            ]
        },
        {
            "file_path": "./train/r_0005",
            "rotation": 0.0,
            "time": 0.04201680672268908,
            "fl_x": 857.8027682038233,
            "fl_y": 857.8027682038233,
            "cx": 400.0,
            "cy": 400.0,
            "w": 800,
            "h": 800,
            "transform_matrix": [
                [
                    0.9999999999999999,
                    0.0,
                    0.0,
                    0.0
                ],
                [
                    0.0,
                    0.31622776601683794,
                    -0.9486832980505139,
                    -5.25
                ],
                [
                    -0.0,
                    0.948683298050514,
                    0.31622776601683794,
                    2.25
                ],
                [
                    0.0,
                    0.0,
                    0.0,
                    1.0
                ]
            ]
        },
        {
            "file_path": "./train/r_0006",
            "rotation": 0.0,
            "time": 0.05042016806722689,
            "fl_x": 857.8027682038233,
            "fl_y": 857.8027682038233,
            "cx": 400.0,
            "cy": 400.0,
            "w": 800,
            "h": 800,
            "transform_matrix": [
                [
                    -0.7071067811865476,
                    -0.3394174890616224,
                    0.6203190857285494,
                    4.2
                ],
                [
                    0.7071067811865476,
                    -0.3394174890616224,
                    0.6203190857285494,
                    4.2
                ],
                [
                    0.0,
                    0.8772636640361933,
                    0.480008816337568,
                    3.75
                ],
                [
                    0.0,
                    0.0,
                    0.0,
                    1.0
                ]
            ]
        },
        {
            "file_path": "./train/r_0007",
            "rotation": 0.0,
            "time": 0.058823529411764705,
            "fl_x": 857.8027682038233,
            "fl_y": 857.8027682038233,
            "cx": 400.0,
            "cy": 400.0,
            "w": 800,
            "h": 800,
            "transform_matrix": [
                [
                    -0.7071067811865476,
                    0.3394174890616224,
                    -0.6203190857285494,
                    -4.2
                ],
                [
                    -0.7071067811865476,
                    -0.3394174890616224,
                    0.6203190857285494,
                    4.2
                ],
                [
                    0.0,
                    0.8772636640361933,
                    0.480008816337568,
                    3.75
                ],
                [
                    0.0,
                    0.0,
                    0.0,
                    1.0
                ]
            ]
        },
        {
            "file_path": "./train/r_0008",
            "rotation": 0.0,
            "time": 0.06722689075630252,
            "fl_x": 857.8027682038233,
            "fl_y": 857.8027682038233,
            "cx": 400.0,
            "cy": 400.0,
            "w": 800,
            "h": 800,
            "transform_matrix": [
                [
                    0.7071067811865476,
                    -0.3394174890616224,
                    0.6203190857285494,
                    4.2
                ],
                [
                    0.7071067811865476,
                    0.3394174890616224,
                    -0.6203190857285494,
                    -4.2
                ],
                [
                    -0.0,
                    0.8772636640361933,
                    0.480008816337568,
                    3.75
                ],
                [
                    0.0,
                    0.0,
                    0.0,
                    1.0
                ]
            ]
        },
        {
            "file_path": "./train/r_0009",
            "rotation": 0.0,
            "time": 0.07563025210084033,
            "fl_x": 857.8027682038233,
            "fl_y": 857.8027682038233,
            "cx": 400.0,
            "cy": 400.0,
            "w": 800,
            "h": 800,
            "transform_matrix": [
                [
                    0.7071067811865476,
                    0.3394174890616224,
                    -0.6203190857285494,
                    -4.2
                ],
                [
                    -0.7071067811865476,
                    0.3394174890616224,
                    -0.6203190857285494,
                    -4.2
                ],
                [
                    0.0,
                    0.8772636640361933,
                    0.480008816337568,
                    3.75
                ],
                [
                    0.0,
                    0.0,
                    0.0,
                    1.0
                ]
            ]
        },
        {
            "file_path": "./train/r_0010",
            "rotation": 0.0,
            "time": 0.08403361344537816,
            "fl_x": 768.3928507884664,
            "fl_y": 768.3928507884664,
            "cx": 400.0,
            "cy": 400.0,
            "w": 800,
            "h": 800,
            "transform_matrix": [
                [
                    0.0,
                    -0.18349711310288583,
                    0.9830202487654598,
                    3.75
                ],
                [
                    1.0,
                    0.0,
                    0.0,
                    0.0
                ],
                [
                    0.0,
                    0.98302024876546,
                    0.1834971131028858,
                    1.2
                ],
                [
                    0.0,
                    0.0,
                    0.0,
                    1.0
                ]
            ]
        },
        {
            "file_path": "./train/r_0011",
            "rotation": 0.0,
            "time": 0.09243697478991597,
            "fl_x": 768.3928507884664,
            "fl_y": 768.3928507884664,
            "cx": 400.0,
            "cy": 400.0,
            "w": 800,
            "h": 800,
            "transform_matrix": [
                [
                    0.0,
                    0.18349711310288583,
                    -0.9830202487654598,
                    -3.75
                ],
                [
                    -1.0,
                    0.0,
                    0.0,
                    0.0
                ],
                [
                    0.0,
                    0.98302024876546,
                    0.1834971131028858,
                    1.2
                ],
                [
                    0.0,
                    0.0,
                    0.0,
                    1.0
                ]
            ]
        },
        {
            "file_path": "./train/r_0012",
            "rotation": 0.0,
            "time": 0.10084033613445378,
            "fl_x": 857.8027682038233,
            "fl_y": 857.8027682038233,
            "cx": 400.0,
            "cy": 400.0,
            "w": 800,
            "h": 800,
            "transform_matrix": [
                [
                    0.0,
                    -0.31622776601683794,
                    0.9486832980505139,
                    5.25
                ],
                [
                    0.9999999999999999,
                    0.0,
                    0.0,
                    0.0
                ],
                [
                    0.0,
                    0.948683298050514,
                    0.31622776601683794,
                    2.25
                ],
                [
                    0.0,
                    0.0,
                    0.0,
                    1.0
                ]
            ]
        },
        {
            "file_path": "./train/r_0013",
            "rotation": 0.0,
            "time": 0.1092436974789916,
            "fl_x": 857.8027682038233,
            "fl_y": 857.8027682038233,
            "cx": 400.0,
            "cy": 400.0,
            "w": 800,
            "h": 800,
            "transform_matrix": [
                [
                    -0.9999999999999999,
                    0.0,
                    0.0,
                    0.0
                ],
                [
                    0.0,
                    -0.31622776601683794,
                    0.9486832980505139,
                    5.25
                ],
                [
                    0.0,
                    0.948683298050514,
                    0.31622776601683794,
                    2.25
                ],
                [
                    0.0,
                    0.0,
                    0.0,
                    1.0
                ]
            ]
        },
        {
            "file_path": "./train/r_0014",
            "rotation": 0.0,
            "time": 0.16806722689075632,
            "fl_x": 857.8027682038233,
            "fl_y": 857.8027682038233,
            "cx": 400.0,
            "cy": 400.0,
            "w": 800,
            "h": 800,
            "transform_matrix": [
                [
                    0.7071067811865476,
                    -0.3394174890616224,
                    0.6203190857285494,
                    4.2
                ],
                [
                    0.7071067811865476,
                    0.3394174890616224,
                    -0.6203190857285494,
                    -4.2
                ],
                [
                    -0.0,
                    0.8772636640361933,
                    0.480008816337568,
                    3.75
                ],
                [
                    0.0,
                    0.0,
                    0.0,
                    1.0
                ]
            ]
        },
        {
            "file_path": "./train/r_0015",
            "rotation": 0.0,
            "time": 0.17647058823529413,
            "fl_x": 857.8027682038233,
            "fl_y": 857.8027682038233,
            "cx": 400.0,
            "cy": 400.0,
            "w": 800,
            "h": 800,
            "transform_matrix": [
                [
                    0.7071067811865476,
                    0.3394174890616224,
                    -0.6203190857285494,
                    -4.2
                ],
                [
                    -0.7071067811865476,
                    0.3394174890616224,
                    -0.6203190857285494,
                    -4.2
                ],
                [
                    0.0,
                    0.8772636640361933,
                    0.480008816337568,
                    3.75
                ],
                [
                    0.0,
                    0.0,
                    0.0,
                    1.0
                ]
            ]
        },
        {
            "file_path": "./train/r_0016",
            "rotation": 0.0,
            "time": 0.18487394957983194,
            "fl_x": 768.3928507884664,
            "fl_y": 768.3928507884664,
            "cx": 400.0,
            "cy": 400.0,
            "w": 800,
            "h": 800,
            "transform_matrix": [
                [
                    0.0,
                    -0.18349711310288583,
                    0.9830202487654598,
                    3.75
                ],
                [
                    1.0,
                    0.0,
                    0.0,
                    0.0
                ],
                [
                    0.0,
                    0.98302024876546,
                    0.1834971131028858,
                    1.2
                ],
                [
                    0.0,
                    0.0,
                    0.0,
                    1.0
                ]
            ]
        },
        {
            "file_path": "./train/r_0017",
            "rotation": 0.0,
            "time": 0.19327731092436976,
            "fl_x": 768.3928507884664,
            "fl_y": 768.3928507884664,
            "cx": 400.0,
            "cy": 400.0,
            "w": 800,
            "h": 800,
            "transform_matrix": [
                [
                    0.0,
                    0.18349711310288583,
                    -0.9830202487654598,
                    -3.75
                ],
                [
                    -1.0,
                    0.0,
                    0.0,
                    0.0
                ],
                [
                    0.0,
                    0.98302024876546,
                    0.1834971131028858,
                    1.2
                ],
                [
                    0.0,
                    0.0,
                    0.0,
                    1.0
                ]
            ]
        },
        {
            "file_path": "./train/r_0018",
            "rotation": 0.0,
            "time": 0.20168067226890757,
            "fl_x": 857.8027682038233,
            "fl_y": 857.8027682038233,
            "cx": 400.0,
            "cy": 400.0,
            "w": 800,
            "h": 800,
            "transform_matrix": [
                [
                    0.0,
                    -0.31622776601683794,
                    0.9486832980505139,
                    5.25
                ],
                [
                    0.9999999999999999,
                    0.0,
                    0.0,
                    0.0
                ],
                [
                    0.0,
                    0.948683298050514,
                    0.31622776601683794,
                    2.25
                ],
                [
                    0.0,
                    0.0,
                    0.0,
                    1.0
                ]
            ]
        },
        {
            "file_path": "./train/r_0019",
            "rotation": 0.0,
            "time": 0.21008403361344538,
            "fl_x": 857.8027682038233,
            "fl_y": 857.8027682038233,
            "cx": 400.0,
            "cy": 400.0,
            "w": 800,
            "h": 800,
            "transform_matrix": [
                [
                    -0.9999999999999999,
                    0.0,
                    0.0,
                    0.0
                ],
                [
                    0.0,
                    -0.31622776601683794,
                    0.9486832980505139,
                    5.25
                ],
                [
                    0.0,
                    0.948683298050514,
                    0.31622776601683794,
                    2.25
                ],
                [
                    0.0,
                    0.0,
                    0.0,
                    1.0
                ]
            ]
        },
        {
            "file_path": "./train/r_0020",
            "rotation": 0.0,
            "time": 0.2184873949579832,
            "fl_x": 965.6854249492379,
            "fl_y": 965.6854249492379,
            "cx": 400.0,
            "cy": 400.0,
            "w": 800,
            "h": 800,
            "transform_matrix": [
                [
                    1.0,
                    0.0,
                    0.0,
                    0.0
                ],
                [
                    0.0,
                    1.0,
                    0.0,
                    0.0
                ],
                [
                    0.0,
                    0.0,
                    1.0,
                    6.0
                ],
                [
                    0.0,
                    0.0,
                    0.0,
                    1.0
                ]
            ]
        },
        {
            "file_path": "./train/r_0021",
            "rotation": 0.0,
            "time": 0.226890756302521,
            "fl_x": 965.6854249492379,
            "fl_y": 965.6854249492379,
            "cx": 400.0,
            "cy": 400.0,
            "w": 800,
            "h": 800,
            "transform_matrix": [
                [
                    -0.7071067811865475,
                    -0.587472793397951,
                    0.3935425225019635,
                    2.25
                ],
                [
                    0.7071067811865475,
                    -0.587472793397951,
                    0.3935425225019635,
                    2.25
                ],
                [
                    0.0,
                    0.5565531726927956,
                    0.8308119919485896,
                    5.25
                ],
                [
                    0.0,
                    0.0,
                    0.0,
                    1.0
                ]
            ]
        },
        {
            "file_path": "./train/r_0022",
            "rotation": 0.0,
            "time": 0.23529411764705882,
            "fl_x": 857.8027682038233,
            "fl_y": 857.8027682038233,
            "cx": 400.0,
            "cy": 400.0,
            "w": 800,
            "h": 800,
            "transform_matrix": [
                [
                    0.0,
                    0.31622776601683794,
                    -0.9486832980505139,
                    -5.25
                ],
                [
                    -0.9999999999999999,
                    0.0,
                    0.0,
                    0.0
                ],
                [
                    0.0,
                    0.948683298050514,
                    0.31622776601683794,
                    2.25
                ],
                [
                    0.0,
                    0.0,
                    0.0,
                    1.0
                ]
            ]
        },
        {
            "file_path": "./train/r_0023",
            "rotation": 0.0,
            "time": 0.24369747899159663,
            "fl_x": 857.8027682038233,
            "fl_y": 857.8027682038233,
            "cx": 400.0,
            "cy": 400.0,
            "w": 800,
            "h": 800,
            "transform_matrix": [
                [
                    0.9999999999999999,
                    0.0,
                    0.0,
                    0.0
                ],
                [
                    0.0,
                    0.31622776601683794,
                    -0.9486832980505139,
                    -5.25
                ],
                [
                    -0.0,
                    0.948683298050514,
                    0.31622776601683794,
                    2.25
                ],
                [
                    0.0,
                    0.0,
                    0.0,
                    1.0
                ]
            ]
        },
        {
            "file_path": "./train/r_0024",
            "rotation": 0.0,
            "time": 0.25210084033613445,
            "fl_x": 857.8027682038233,
            "fl_y": 857.8027682038233,
            "cx": 400.0,
            "cy": 400.0,
            "w": 800,
            "h": 800,
            "transform_matrix": [
                [
                    -0.7071067811865476,
                    -0.3394174890616224,
                    0.6203190857285494,
                    4.2
                ],
                [
                    0.7071067811865476,
                    -0.3394174890616224,
                    0.6203190857285494,
                    4.2
                ],
                [
                    0.0,
                    0.8772636640361933,
                    0.480008816337568,
                    3.75
                ],
                [
                    0.0,
                    0.0,
                    0.0,
                    1.0
                ]
            ]
        },
        {
            "file_path": "./train/r_0025",
            "rotation": 0.0,
            "time": 0.2605042016806723,
            "fl_x": 857.8027682038233,
            "fl_y": 857.8027682038233,
            "cx": 400.0,
            "cy": 400.0,
            "w": 800,
            "h": 800,
            "transform_matrix": [
                [
                    -0.7071067811865476,
                    0.3394174890616224,
                    -0.6203190857285494,
                    -4.2
                ],
                [
                    -0.7071067811865476,
                    -0.3394174890616224,
                    0.6203190857285494,
                    4.2
                ],
                [
                    0.0,
                    0.8772636640361933,
                    0.480008816337568,
                    3.75
                ],
                [
                    0.0,
                    0.0,
                    0.0,
                    1.0
                ]
            ]
        },
        {
            "file_path": "./train/r_0026",
            "rotation": 0.0,
            "time": 0.2689075630252101,
            "fl_x": 857.8027682038233,
            "fl_y": 857.8027682038233,
            "cx": 400.0,
            "cy": 400.0,
            "w": 800,
            "h": 800,
            "transform_matrix": [
                [
                    0.7071067811865476,
                    -0.3394174890616224,
                    0.6203190857285494,
                    4.2
                ],
                [
                    0.7071067811865476,
                    0.3394174890616224,
                    -0.6203190857285494,
                    -4.2
                ],
                [
                    -0.0,
                    0.8772636640361933,
                    0.480008816337568,
                    3.75
                ],
                [
                    0.0,
                    0.0,
                    0.0,
                    1.0
                ]
            ]
        },
        {
            "file_path": "./train/r_0027",
            "rotation": 0.0,
            "time": 0.2773109243697479,
            "fl_x": 857.8027682038233,
            "fl_y": 857.8027682038233,
            "cx": 400.0,
            "cy": 400.0,
            "w": 800,
            "h": 800,
            "transform_matrix": [
                [
                    0.7071067811865476,
                    0.3394174890616224,
                    -0.6203190857285494,
                    -4.2
                ],
                [
                    -0.7071067811865476,
                    0.3394174890616224,
                    -0.6203190857285494,
                    -4.2
                ],
                [
                    0.0,
                    0.8772636640361933,
                    0.480008816337568,
                    3.75
                ],
                [
                    0.0,
                    0.0,
                    0.0,
                    1.0
                ]
            ]
        },
        {
            "file_path": "./train/r_0028",
            "rotation": 0.0,
            "time": 0.33613445378151263,
            "fl_x": 857.8027682038233,
            "fl_y": 857.8027682038233,
            "cx": 400.0,
            "cy": 400.0,
            "w": 800,
            "h": 800,
            "transform_matrix": [
                [
                    0.0,
                    0.31622776601683794,
                    -0.9486832980505139,
                    -5.25
                ],
                [
                    -0.9999999999999999,
                    0.0,
                    0.0,
                    0.0
                ],
                [
                    0.0,
                    0.948683298050514,
                    0.31622776601683794,
                    2.25
                ],
                [
                    0.0,
                    0.0,
                    0.0,
                    1.0
                ]
            ]
        },
        {
            "file_path": "./train/r_0029",
            "rotation": 0.0,
            "time": 0.3445378151260504,
            "fl_x": 857.8027682038233,
            "fl_y": 857.8027682038233,
            "cx": 400.0,
            "cy": 400.0,
            "w": 800,
            "h": 800,
            "transform_matrix": [
                [
                    0.9999999999999999,
                    0.0,
                    0.0,
                    0.0
                ],
                [
                    0.0,
                    0.31622776601683794,
                    -0.9486832980505139,
                    -5.25
                ],
                [
                    -0.0,
                    0.948683298050514,
                    0.31622776601683794,
                    2.25
                ],
                [
                    0.0,
                    0.0,
                    0.0,
                    1.0
                ]
            ]
        },
        {
            "file_path": "./train/r_0030",
            "rotation": 0.0,
            "time": 0.35294117647058826,
            "fl_x": 857.8027682038233,
            "fl_y": 857.8027682038233,
            "cx": 400.0,
            "cy": 400.0,
            "w": 800,
            "h": 800,
            "transform_matrix": [
                [
                    -0.7071067811865476,
                    -0.3394174890616224,
                    0.6203190857285494,
                    4.2
                ],
                [
                    0.7071067811865476,
                    -0.3394174890616224,
                    0.6203190857285494,
                    4.2
                ],
                [
                    0.0,
                    0.8772636640361933,
                    0.480008816337568,
                    3.75
                ],
                [
                    0.0,
                    0.0,
                    0.0,
                    1.0
                ]
            ]
        },
        {
            "file_path": "./train/r_0031",
            "rotation": 0.0,
            "time": 0.36134453781512604,
            "fl_x": 857.8027682038233,
            "fl_y": 857.8027682038233,
            "cx": 400.0,
            "cy": 400.0,
            "w": 800,
            "h": 800,
            "transform_matrix": [
                [
                    -0.7071067811865476,
                    0.3394174890616224,
                    -0.6203190857285494,
                    -4.2
                ],
                [
                    -0.7071067811865476,
                    -0.3394174890616224,
                    0.6203190857285494,
                    4.2
                ],
                [
                    0.0,
                    0.8772636640361933,
                    0.480008816337568,
                    3.75
                ],
                [
                    0.0,
                    0.0,
                    0.0,
                    1.0
                ]
            ]
        },
        {
            "file_path": "./train/r_0032",
            "rotation": 0.0,
            "time": 0.3697478991596639,
            "fl_x": 857.8027682038233,
            "fl_y": 857.8027682038233,
            "cx": 400.0,
            "cy": 400.0,
            "w": 800,
            "h": 800,
            "transform_matrix": [
                [
                    0.7071067811865476,
                    -0.3394174890616224,
                    0.6203190857285494,
                    4.2
                ],
                [
                    0.7071067811865476,
                    0.3394174890616224,
                    -0.6203190857285494,
                    -4.2
                ],
                [
                    -0.0,
                    0.8772636640361933,
                    0.480008816337568,
                    3.75
                ],
                [
                    0.0,
                    0.0,
                    0.0,
                    1.0
                ]
            ]
        },
        {
            "file_path": "./train/r_0033",
            "rotation": 0.0,
            "time": 0.37815126050420167,
            "fl_x": 857.8027682038233,
            "fl_y": 857.8027682038233,
            "cx": 400.0,
            "cy": 400.0,
            "w": 800,
            "h": 800,
            "transform_matrix": [
                [
                    0.7071067811865476,
                    0.3394174890616224,
                    -0.6203190857285494,
                    -4.2
                ],
                [
                    -0.7071067811865476,
                    0.3394174890616224,
                    -0.6203190857285494,
                    -4.2
                ],
                [
                    0.0,
                    0.8772636640361933,
                    0.480008816337568,
                    3.75
                ],
                [
                    0.0,
                    0.0,
                    0.0,
                    1.0
                ]
            ]
        },
        {
            "file_path": "./train/r_0034",
            "rotation": 0.0,
            "time": 0.3865546218487395,
            "fl_x": 768.3928507884664,
            "fl_y": 768.3928507884664,
            "cx": 400.0,
            "cy": 400.0,
            "w": 800,
            "h": 800,
            "transform_matrix": [
                [
                    0.0,
                    -0.18349711310288583,
                    0.9830202487654598,
                    3.75
                ],
                [
                    1.0,
                    0.0,
                    0.0,
                    0.0
                ],
                [
                    0.0,
                    0.98302024876546,
                    0.1834971131028858,
                    1.2
                ],
                [
                    0.0,
                    0.0,
                    0.0,
                    1.0
                ]
            ]
        },
        {
            "file_path": "./train/r_0035",
            "rotation": 0.0,
            "time": 0.3949579831932773,
            "fl_x": 768.3928507884664,
            "fl_y": 768.3928507884664,
            "cx": 400.0,
            "cy": 400.0,
            "w": 800,
            "h": 800,
            "transform_matrix": [
                [
                    0.0,
                    0.18349711310288583,
                    -0.9830202487654598,
                    -3.75
                ],
                [
                    -1.0,
                    0.0,
                    0.0,
                    0.0
                ],
                [
                    0.0,
                    0.98302024876546,
                    0.1834971131028858,
                    1.2
                ],
                [
                    0.0,
                    0.0,
                    0.0,
                    1.0
                ]
            ]
        },
        {
            "file_path": "./train/r_0036",
            "rotation": 0.0,
            "time": 0.40336134453781514,
            "fl_x": 857.8027682038233,
            "fl_y": 857.8027682038233,
            "cx": 400.0,
            "cy": 400.0,
            "w": 800,
            "h": 800,
            "transform_matrix": [
                [
                    0.0,
                    -0.31622776601683794,
                    0.9486832980505139,
                    5.25
                ],
                [
                    0.9999999999999999,
                    0.0,
                    0.0,
                    0.0
                ],
                [
                    0.0,
                    0.948683298050514,
                    0.31622776601683794,
                    2.25
                ],
                [
                    0.0,
                    0.0,
                    0.0,
                    1.0
                ]
            ]
        },
        {
            "file_path": "./train/r_0037",
            "rotation": 0.0,
            "time": 0.4117647058823529,
            "fl_x": 857.8027682038233,
            "fl_y": 857.8027682038233,
            "cx": 400.0,
            "cy": 400.0,
            "w": 800,
            "h": 800,
            "transform_matrix": [
                [
                    -0.9999999999999999,
                    0.0,
                    0.0,
                    0.0
                ],
                [
                    0.0,
                    -0.31622776601683794,
                    0.9486832980505139,
                    5.25
                ],
                [
                    0.0,
                    0.948683298050514,
                    0.31622776601683794,
                    2.25
                ],
                [
                    0.0,
                    0.0,
                    0.0,
                    1.0
                ]
            ]
        },
        {
            "file_path": "./train/r_0038",
            "rotation": 0.0,
            "time": 0.42016806722689076,
            "fl_x": 965.6854249492379,
            "fl_y": 965.6854249492379,
            "cx": 400.0,
            "cy": 400.0,
            "w": 800,
            "h": 800,
            "transform_matrix": [
                [
                    1.0,
                    0.0,
                    0.0,
                    0.0
                ],
                [
                    0.0,
                    1.0,
                    0.0,
                    0.0
                ],
                [
                    0.0,
                    0.0,
                    1.0,
                    6.0
                ],
                [
                    0.0,
                    0.0,
                    0.0,
                    1.0
                ]
            ]
        },
        {
            "file_path": "./train/r_0039",
            "rotation": 0.0,
            "time": 0.42857142857142855,
            "fl_x": 965.6854249492379,
            "fl_y": 965.6854249492379,
            "cx": 400.0,
            "cy": 400.0,
            "w": 800,
            "h": 800,
            "transform_matrix": [
                [
                    -0.7071067811865475,
                    -0.587472793397951,
                    0.3935425225019635,
                    2.25
                ],
                [
                    0.7071067811865475,
                    -0.587472793397951,
                    0.3935425225019635,
                    2.25
                ],
                [
                    0.0,
                    0.5565531726927956,
                    0.8308119919485896,
                    5.25
                ],
                [
                    0.0,
                    0.0,
                    0.0,
                    1.0
                ]
            ]
        },
        {
            "file_path": "./train/r_0040",
            "rotation": 0.0,
            "time": 0.4369747899159664,
            "fl_x": 857.8027682038233,
            "fl_y": 857.8027682038233,
            "cx": 400.0,
            "cy": 400.0,
            "w": 800,
            "h": 800,
            "transform_matrix": [
                [
                    0.0,
                    0.31622776601683794,
                    -0.9486832980505139,
                    -5.25
