{
    "camera_angle_x": 0.8726646259971649,
    "frames": [
        {
            "file_path": "./train/r_0000",
            "rotation": 0.0,
            "time": 0.5294117647058824,
            "fl_x": 965.6854249492379,
            "fl_y": 965.6854249492379,
            "cx": 400.0,
            "cy": 400.0,
            "w": 800,
            "h": 800,
            "transform_matrix": [
                [
                    1.0,
                    0.0,
                    0.0,
                    0.0
                ],
                [
                    0.0,
                    1.0,
                    0.0,
                    0.0
                ],
                [
                    0.0,
                    0.0,
                    1.0,
                    4.0
                ],
                [
                    0.0,
                    0.0,
                    0.0,
                    1.0
                ]
            ]
        },
        {
            "file_path": "./train/r_0001",
            "rotation": 0.0,
            "time": 0.15966386554621848,
            "fl_x": 857.8027682038233,
            "fl_y": 857.8027682038233,
            "cx": 400.0,
            "cy": 400.0,
            "w": 800,
            "h": 800,
            "transform_matrix": [
                [
                    -0.9999999999999999,
                    0.0,
                    0.0,
                    0.0
                ],
                [
                    0.0,
                    -0.274721127897378,
                    0.9615239476408233,
                    3.5
                ],
                [
                    0.0,
                    0.9615239476408232,
                    0.27472112789737807,
                    1.5
                ],
                [
                    0.0,
                    0.0,
                    0.0,
                    1.0
                ]
            ]
        },
        {
            "file_path": "./train/r_0002",
            "rotation": 0.0,
            "time": 0.8235294117647058,
            "fl_x": 857.8027682038233,
            "fl_y": 857.8027682038233,
            "cx": 400.0,
            "cy": 400.0,
            "w": 800,
            "h": 800,
            "transform_matrix": [
                [
                    -0.9999999999999999,
                    0.0,
                    0.0,
                    0.0
                ],
                [
                    0.0,
                    -0.274721127897378,
                    0.9615239476408233,
                    3.5
                ],
                [
                    0.0,
                    0.9615239476408232,
                    0.27472112789737807,
                    1.5
                ],
                [
                    0.0,
                    0.0,
                    0.0,
                    1.0
                ]
            ]
        },
        {
            "file_path": "./train/r_0003",
            "rotation": 0.0,
            "time": 0.6722689075630253,
            "fl_x": 857.8027682038233,
            "fl_y": 857.8027682038233,
            "cx": 400.0,
            "cy": 400.0,
            "w": 800,
            "h": 800,
            "transform_matrix": [
                [
                    0.9999999999999999,
                    0.0,
                    0.0,
                    0.0
                ],
                [
                    0.0,
                    0.274721127897378,
                    -0.9615239476408233,
                    -3.5
                ],
                [
                    -0.0,
                    0.9615239476408232,
                    0.27472112789737807,
                    1.5
                ],
                [
                    0.0,
                    0.0,
                    0.0,
                    1.0
                ]
            ]
        },
        {
            "file_path": "./train/r_0004",
            "rotation": 0.0,
            "time": 0.453781512605042,
            "fl_x": 857.8027682038233,
            "fl_y": 857.8027682038233,
            "cx": 400.0,
            "cy": 400.0,
            "w": 800,
            "h": 800,
            "transform_matrix": [
                [
                    -0.7071067811865475,
                    0.3187883565316692,
                    -0.6311687442672026,
                    -2.8
                ],
                [
                    -0.7071067811865475,
                    -0.3187883565316692,
                    0.6311687442672026,
                    2.8
                ],
                [
                    0.0,
                    0.8926073982886737,
                    0.45083481733371616,
                    2.5
                ],
                [
                    0.0,
                    0.0,
                    0.0,
                    1.0
                ]
            ]
        },
        {
            "file_path": "./train/r_0005",
            "rotation": 0.0,
            "time": 0.6302521008403361,
            "fl_x": 857.8027682038233,
            "fl_y": 857.8027682038233,
            "cx": 400.0,
            "cy": 400.0,
            "w": 800,
            "h": 800,
            "transform_matrix": [
                [
                    0.7071067811865475,
                    0.3187883565316692,
                    -0.6311687442672026,
                    -2.8
                ],
                [
                    -0.7071067811865475,
                    0.3187883565316692,
                    -0.6311687442672026,
                    -2.8
                ],
                [
                    0.0,
                    0.8926073982886737,
                    0.45083481733371616,
                    2.5
                ],
                [
                    0.0,
                    0.0,
                    0.0,
                    1.0
                ]
            ]
        },
        {
            "file_path": "./train/r_0006",
            "rotation": 0.0,
            "time": 0.8319327731092437,
            "fl_x": 965.6854249492379,
            "fl_y": 965.6854249492379,
            "cx": 400.0,
            "cy": 400.0,
            "w": 800,
            "h": 800,
            "transform_matrix": [
                [
                    1.0,
                    0.0,
                    0.0,
                    0.0
                ],
                [
                    0.0,
                    1.0,
                    0.0,
                    0.0
                ],
                [
                    0.0,
                    0.0,
                    1.0,
                    4.0
                ],
                [
                    0.0,
                    0.0,
                    0.0,
                    1.0
                ]
            ]
        },
        {
            "file_path": "./train/r_0007",
            "rotation": 0.0,
            "time": 0.15126050420168066,
            "fl_x": 857.8027682038233,
            "fl_y": 857.8027682038233,
            "cx": 400.0,
            "cy": 400.0,
            "w": 800,
            "h": 800,
            "transform_matrix": [
                [
                    -0.9999999999999999,
                    0.0,
                    0.0,
                    0.0
                ],
                [
                    0.0,
                    -0.274721127897378,
                    0.9615239476408233,
                    3.5
                ],
                [
                    0.0,
                    0.9615239476408232,
                    0.27472112789737807,
                    1.5
                ],
                [
                    0.0,
                    0.0,
                    0.0,
                    1.0
                ]
            ]
        },
        {
            "file_path": "./train/r_0008",
            "rotation": 0.0,
            "time": 0.29411764705882354,
            "fl_x": 857.8027682038233,
            "fl_y": 857.8027682038233,
            "cx": 400.0,
            "cy": 400.0,
            "w": 800,
            "h": 800,
            "transform_matrix": [
                [
                    -0.9999999999999999,
                    0.0,
                    0.0,
                    0.0
                ],
                [
                    0.0,
                    -0.274721127897378,
                    0.9615239476408233,
                    3.5
                ],
                [
                    0.0,
                    0.9615239476408232,
                    0.27472112789737807,
                    1.5
                ],
                [
                    0.0,
                    0.0,
                    0.0,
                    1.0
                ]
            ]
        },
        {
            "file_path": "./train/r_0009",
            "rotation": 0.0,
            "time": 0.7647058823529411,
            "fl_x": 768.3928507884664,
            "fl_y": 768.3928507884664,
            "cx": 400.0,
            "cy": 400.0,
            "w": 800,
            "h": 800,
            "transform_matrix": [
                [
                    0.0,
                    -0.11914522061843068,
                    0.992876838486922,
                    2.5
                ],
                [
                    0.9999999999999999,
                    0.0,
                    0.0,
                    0.0
                ],
                [
                    0.0,
                    0.9928768384869221,
                    0.11914522061843066,
                    0.8
                ],
                [
                    0.0,
                    0.0,
                    0.0,
                    1.0
                ]
            ]
        },
        {
            "file_path": "./train/r_0010",
            "rotation": 0.0,
            "time": 0.9747899159663865,
            "fl_x": 768.3928507884664,
            "fl_y": 768.3928507884664,
            "cx": 400.0,
            "cy": 400.0,
            "w": 800,
            "h": 800,
            "transform_matrix": [
                [
                    0.0,
                    -0.11914522061843068,
                    0.992876838486922,
                    2.5
                ],
                [
                    0.9999999999999999,
                    0.0,
                    0.0,
                    0.0
                ],
                [
                    0.0,
                    0.9928768384869221,
                    0.11914522061843066,
                    0.8
                ],
                [
                    0.0,
                    0.0,
                    0.0,
                    1.0
                ]
            ]
        },
        {
            "file_path": "./train/r_0011",
            "rotation": 0.0,
            "time": 0.37815126050420167,
            "fl_x": 965.6854249492379,
            "fl_y": 965.6854249492379,
            "cx": 400.0,
            "cy": 400.0,
            "w": 800,
            "h": 800,
            "transform_matrix": [
                [
                    1.0,
                    0.0,
                    0.0,
                    0.0
                ],
                [
                    0.0,
                    1.0,
                    0.0,
                    0.0
                ],
                [
                    0.0,
                    0.0,
                    1.0,
                    4.0
                ],
                [
                    0.0,
                    0.0,
                    0.0,
                    1.0
                ]
            ]
        },
        {
            "file_path": "./train/r_0012",
            "rotation": 0.0,
            "time": 0.17647058823529413,
            "fl_x": 768.3928507884664,
            "fl_y": 768.3928507884664,
            "cx": 400.0,
            "cy": 400.0,
            "w": 800,
            "h": 800,
            "transform_matrix": [
                [
                    0.0,
                    -0.11914522061843068,
                    0.992876838486922,
                    2.5
                ],
                [
                    0.9999999999999999,
                    0.0,
                    0.0,
                    0.0
                ],
                [
                    0.0,
                    0.9928768384869221,
                    0.11914522061843066,
                    0.8
                ],
                [
                    0.0,
                    0.0,
                    0.0,
                    1.0
                ]
            ]
        },
        {
            "file_path": "./train/r_0013",
            "rotation": 0.0,
            "time": 0.3697478991596639,
            "fl_x": 857.8027682038233,
            "fl_y": 857.8027682038233,
            "cx": 400.0,
            "cy": 400.0,
            "w": 800,
            "h": 800,
            "transform_matrix": [
                [
                    0.9999999999999999,
                    0.0,
                    0.0,
                    0.0
                ],
                [
                    0.0,
                    0.274721127897378,
                    -0.9615239476408233,
                    -3.5
                ],
                [
                    -0.0,
                    0.9615239476408232,
                    0.27472112789737807,
                    1.5
                ],
                [
                    0.0,
                    0.0,
                    0.0,
                    1.0
                ]
            ]
        },
        {
            "file_path": "./train/r_0014",
            "rotation": 0.0,
            "time": 0.33613445378151263,
            "fl_x": 768.3928507884664,
            "fl_y": 768.3928507884664,
            "cx": 400.0,
            "cy": 400.0,
            "w": 800,
            "h": 800,
            "transform_matrix": [
                [
                    0.0,
                    -0.11914522061843068,
                    0.992876838486922,
                    2.5
                ],
                [
                    0.9999999999999999,
                    0.0,
                    0.0,
                    0.0
                ],
                [
                    0.0,
                    0.9928768384869221,
                    0.11914522061843066,
                    0.8
                ],
                [
                    0.0,
                    0.0,
                    0.0,
                    1.0
                ]
            ]
        },
        {
            "file_path": "./train/r_0015",
            "rotation": 0.0,
            "time": 0.31932773109243695,
            "fl_x": 965.6854249492379,
            "fl_y": 965.6854249492379,
            "cx": 400.0,
            "cy": 400.0,
            "w": 800,
            "h": 800,
            "transform_matrix": [
                [
                    -0.7071067811865476,
                    -0.5773502691896258,
                    0.408248290463863,
                    1.5
                ],
                [
                    0.7071067811865476,
                    -0.5773502691896258,
                    0.408248290463863,
                    1.5
                ],
                [
                    0.0,
                    0.5773502691896258,
                    0.816496580927726,
                    3.5
                ],
                [
                    0.0,
                    0.0,
                    0.0,
                    1.0
                ]
            ]
        },
        {
            "file_path": "./train/r_0016",
            "rotation": 0.0,
            "time": 0.4789915966386555,
            "fl_x": 857.8027682038233,
            "fl_y": 857.8027682038233,
            "cx": 400.0,
            "cy": 400.0,
            "w": 800,
            "h": 800,
            "transform_matrix": [
                [
                    -0.7071067811865475,
                    0.3187883565316692,
                    -0.6311687442672026,
                    -2.8
                ],
                [
                    -0.7071067811865475,
                    -0.3187883565316692,
                    0.6311687442672026,
                    2.8
                ],
                [
                    0.0,
                    0.8926073982886737,
                    0.45083481733371616,
                    2.5
                ],
                [
                    0.0,
                    0.0,
                    0.0,
                    1.0
                ]
            ]
        },
        {
            "file_path": "./train/r_0017",
            "rotation": 0.0,
            "time": 0.6470588235294118,
            "fl_x": 857.8027682038233,
            "fl_y": 857.8027682038233,
            "cx": 400.0,
            "cy": 400.0,
            "w": 800,
            "h": 800,
            "transform_matrix": [
                [
                    -0.9999999999999999,
                    0.0,
                    0.0,
                    0.0
                ],
                [
                    0.0,
                    -0.274721127897378,
                    0.9615239476408233,
                    3.5
                ],
                [
                    0.0,
                    0.9615239476408232,
                    0.27472112789737807,
                    1.5
                ],
                [
                    0.0,
                    0.0,
                    0.0,
                    1.0
                ]
            ]
        },
        {
            "file_path": "./train/r_0018",
            "rotation": 0.0,
            "time": 0.8403361344537815,
            "fl_x": 768.3928507884664,
            "fl_y": 768.3928507884664,
            "cx": 400.0,
            "cy": 400.0,
            "w": 800,
            "h": 800,
            "transform_matrix": [
                [
                    0.0,
                    -0.11914522061843068,
                    0.992876838486922,
                    2.5
                ],
                [
                    0.9999999999999999,
                    0.0,
                    0.0,
                    0.0
                ],
                [
                    0.0,
                    0.9928768384869221,
                    0.11914522061843066,
                    0.8
                ],
                [
                    0.0,
                    0.0,
                    0.0,
                    1.0
                ]
            ]
        },
        {
            "file_path": "./train/r_0019",
            "rotation": 0.0,
            "time": 0.8823529411764706,
            "fl_x": 857.8027682038233,
            "fl_y": 857.8027682038233,
            "cx": 400.0,
            "cy": 400.0,
            "w": 800,
            "h": 800,
            "transform_matrix": [
                [
                    0.0,
                    -0.274721127897378,
                    0.9615239476408233,
                    3.5
                ],
                [
                    0.9999999999999999,
                    0.0,
                    0.0,
                    0.0
                ],
                [
                    0.0,
                    0.9615239476408232,
                    0.27472112789737807,
                    1.5
                ],
                [
                    0.0,
                    0.0,
                    0.0,
                    1.0
                ]
            ]
        },
        {
            "file_path": "./train/r_0020",
            "rotation": 0.0,
            "time": 0.42857142857142855,
            "fl_x": 857.8027682038233,
            "fl_y": 857.8027682038233,
            "cx": 400.0,
            "cy": 400.0,
            "w": 800,
            "h": 800,
            "transform_matrix": [
                [
                    0.7071067811865475,
                    -0.3187883565316692,
                    0.6311687442672026,
                    2.8
                ],
                [
                    0.7071067811865475,
                    0.3187883565316692,
                    -0.6311687442672026,
                    -2.8
                ],
                [
                    -0.0,
                    0.8926073982886737,
                    0.45083481733371616,
                    2.5
                ],
                [
                    0.0,
                    0.0,
                    0.0,
                    1.0
                ]
            ]
        },
        {
            "file_path": "./train/r_0021",
            "rotation": 0.0,
            "time": 0.2184873949579832,
            "fl_x": 857.8027682038233,
            "fl_y": 857.8027682038233,
            "cx": 400.0,
            "cy": 400.0,
            "w": 800,
            "h": 800,
            "transform_matrix": [
                [
                    -0.7071067811865475,
                    0.3187883565316692,
                    -0.6311687442672026,
                    -2.8
                ],
                [
                    -0.7071067811865475,
                    -0.3187883565316692,
                    0.6311687442672026,
                    2.8
                ],
                [
                    0.0,
                    0.8926073982886737,
                    0.45083481733371616,
                    2.5
                ],
                [
                    0.0,
                    0.0,
                    0.0,
                    1.0
                ]
            ]
        },
        {
            "file_path": "./train/r_0022",
            "rotation": 0.0,
            "time": 0.47058823529411764,
            "fl_x": 857.8027682038233,
            "fl_y": 857.8027682038233,
            "cx": 400.0,
            "cy": 400.0,
            "w": 800,
            "h": 800,
            "transform_matrix": [
                [
                    -0.7071067811865475,
                    0.3187883565316692,
                    -0.6311687442672026,
                    -2.8
                ],
                [
                    -0.7071067811865475,
                    -0.3187883565316692,
                    0.6311687442672026,
                    2.8
                ],
                [
                    0.0,
                    0.8926073982886737,
                    0.45083481733371616,
                    2.5
                ],
                [
                    0.0,
                    0.0,
                    0.0,
                    1.0
                ]
            ]
        },
        {
            "file_path": "./train/r_0023",
            "rotation": 0.0,
            "time": 0.4117647058823529,
            "fl_x": 857.8027682038233,
            "fl_y": 857.8027682038233,
            "cx": 400.0,
            "cy": 400.0,
            "w": 800,
            "h": 800,
            "transform_matrix": [
                [
                    -0.9999999999999999,
                    0.0,
                    0.0,
                    0.0
                ],
                [
                    0.0,
                    -0.274721127897378,
                    0.9615239476408233,
                    3.5
                ],
                [
                    0.0,
                    0.9615239476408232,
                    0.27472112789737807,
                    1.5
                ],
                [
                    0.0,
                    0.0,
                    0.0,
                    1.0
                ]
            ]
        },
        {
            "file_path": "./train/r_0024",
            "rotation": 0.0,
            "time": 0.226890756302521,
            "fl_x": 857.8027682038233,
            "fl_y": 857.8027682038233,
            "cx": 400.0,
            "cy": 400.0,
            "w": 800,
            "h": 800,
            "transform_matrix": [
                [
                    0.0,
                    -0.274721127897378,
                    0.9615239476408233,
                    3.5
                ],
                [
                    0.9999999999999999,
                    0.0,
                    0.0,
                    0.0
                ],
                [
                    0.0,
                    0.9615239476408232,
                    0.27472112789737807,
                    1.5
                ],
                [
                    0.0,
                    0.0,
                    0.0,
                    1.0
                ]
            ]
        },
        {
            "file_path": "./train/r_0025",
            "rotation": 0.0,
            "time": 0.7478991596638656,
            "fl_x": 857.8027682038233,
            "fl_y": 857.8027682038233,
            "cx": 400.0,
            "cy": 400.0,
            "w": 800,
            "h": 800,
            "transform_matrix": [
                [
                    -0.9999999999999999,
                    0.0,
                    0.0,
                    0.0
                ],
                [
                    0.0,
                    -0.274721127897378,
                    0.9615239476408233,
                    3.5
                ],
                [
                    0.0,
                    0.9615239476408232,
                    0.27472112789737807,
                    1.5
                ],
                [
                    0.0,
                    0.0,
                    0.0,
                    1.0
                ]
            ]
        },
        {
            "file_path": "./train/r_0026",
            "rotation": 0.0,
            "time": 0.2605042016806723,
            "fl_x": 965.6854249492379,
            "fl_y": 965.6854249492379,
            "cx": 400.0,
            "cy": 400.0,
            "w": 800,
            "h": 800,
            "transform_matrix": [
                [
                    1.0,
                    0.0,
                    0.0,
                    0.0
                ],
                [
                    0.0,
                    1.0,
                    0.0,
                    0.0
                ],
                [
                    0.0,
                    0.0,
                    1.0,
                    4.0
                ],
                [
                    0.0,
                    0.0,
                    0.0,
                    1.0
                ]
            ]
        },
        {
            "file_path": "./train/r_0027",
            "rotation": 0.0,
            "time": 0.2773109243697479,
            "fl_x": 965.6854249492379,
            "fl_y": 965.6854249492379,
            "cx": 400.0,
            "cy": 400.0,
            "w": 800,
            "h": 800,
            "transform_matrix": [
                [
                    1.0,
                    0.0,
                    0.0,
                    0.0
                ],
                [
                    0.0,
                    1.0,
                    0.0,
                    0.0
                ],
                [
                    0.0,
                    0.0,
                    1.0,
                    4.0
                ],
                [
                    0.0,
                    0.0,
                    0.0,
                    1.0
                ]
            ]
        },
        {
            "file_path": "./train/r_0028",
            "rotation": 0.0,
            "time": 0.025210084033613446,
            "fl_x": 857.8027682038233,
            "fl_y": 857.8027682038233,
            "cx": 400.0,
            "cy": 400.0,
            "w": 800,
            "h": 800,
            "transform_matrix": [
                [
                    -0.9999999999999999,
                    0.0,
                    0.0,
                    0.0
                ],
                [
                    0.0,
                    -0.274721127897378,
                    0.9615239476408233,
                    3.5
                ],
                [
                    0.0,
                    0.9615239476408232,
                    0.27472112789737807,
                    1.5
                ],
                [
                    0.0,
                    0.0,
                    0.0,
                    1.0
                ]
            ]
        },
        {
            "file_path": "./train/r_0029",
            "rotation": 0.0,
            "time": 0.5042016806722689,
            "fl_x": 857.8027682038233,
            "fl_y": 857.8027682038233,
            "cx": 400.0,
            "cy": 400.0,
            "w": 800,
            "h": 800,
            "transform_matrix": [
                [
                    0.7071067811865475,
                    -0.3187883565316692,
                    0.6311687442672026,
                    2.8
                ],
                [
                    0.7071067811865475,
                    0.3187883565316692,
                    -0.6311687442672026,
                    -2.8
                ],
                [
                    -0.0,
                    0.8926073982886737,
                    0.45083481733371616,
                    2.5
                ],
                [
                    0.0,
                    0.0,
                    0.0,
                    1.0
                ]
            ]
        },
        {
            "file_path": "./train/r_0030",
            "rotation": 0.0,
            "time": 0.5462184873949579,
            "fl_x": 857.8027682038233,
            "fl_y": 857.8027682038233,
            "cx": 400.0,
            "cy": 400.0,
            "w": 800,
            "h": 800,
            "transform_matrix": [
                [
                    0.7071067811865475,
                    -0.3187883565316692,
                    0.6311687442672026,
                    2.8
                ],
                [
                    0.7071067811865475,
                    0.3187883565316692,
                    -0.6311687442672026,
                    -2.8
                ],
                [
                    -0.0,
                    0.8926073982886737,
                    0.45083481733371616,
                    2.5
                ],
                [
                    0.0,
                    0.0,
                    0.0,
                    1.0
                ]
            ]
        },
        {
            "file_path": "./train/r_0031",
            "rotation": 0.0,
            "time": 0.6134453781512605,
            "fl_x": 857.8027682038233,
            "fl_y": 857.8027682038233,
            "cx": 400.0,
            "cy": 400.0,
            "w": 800,
            "h": 800,
            "transform_matrix": [
                [
                    0.9999999999999999,
                    0.0,
                    0.0,
                    0.0
                ],
                [
                    0.0,
                    0.274721127897378,
                    -0.9615239476408233,
                    -3.5
                ],
                [
                    -0.0,
                    0.9615239476408232,
                    0.27472112789737807,
                    1.5
                ],
                [
                    0.0,
                    0.0,
                    0.0,
                    1.0
                ]
            ]
        },
        {
            "file_path": "./train/r_0032",
            "rotation": 0.0,
            "time": 0.6638655462184874,
            "fl_x": 768.3928507884664,
            "fl_y": 768.3928507884664,
            "cx": 400.0,
            "cy": 400.0,
            "w": 800,
            "h": 800,
            "transform_matrix": [
                [
                    0.0,
                    -0.11914522061843068,
                    0.992876838486922,
                    2.5
                ],
                [
                    0.9999999999999999,
                    0.0,
                    0.0,
                    0.0
                ],
                [
                    0.0,
                    0.9928768384869221,
                    0.11914522061843066,
                    0.8
                ],
                [
                    0.0,
                    0.0,
                    0.0,
                    1.0
                ]
            ]
        },
        {
            "file_path": "./train/r_0033",
            "rotation": 0.0,
            "time": 0.36134453781512604,
            "fl_x": 965.6854249492379,
            "fl_y": 965.6854249492379,
            "cx": 400.0,
            "cy": 400.0,
            "w": 800,
            "h": 800,
            "transform_matrix": [
                [
                    1.0,
                    0.0,
                    0.0,
                    0.0
                ],
                [
                    0.0,
                    1.0,
                    0.0,
                    0.0
                ],
                [
                    0.0,
                    0.0,
                    1.0,
                    4.0
                ],
                [
                    0.0,
                    0.0,
                    0.0,
                    1.0
                ]
            ]
        },
        {
            "file_path": "./train/r_0034",
            "rotation": 0.0,
            "time": 0.16806722689075632,
            "fl_x": 857.8027682038233,
            "fl_y": 857.8027682038233,
            "cx": 400.0,
            "cy": 400.0,
            "w": 800,
            "h": 800,
            "transform_matrix": [
                [
                    0.0,
                    0.274721127897378,
                    -0.9615239476408233,
                    -3.5
                ],
                [
                    -0.9999999999999999,
                    0.0,
                    0.0,
                    0.0
                ],
                [
                    0.0,
                    0.9615239476408232,
                    0.27472112789737807,
                    1.5
                ],
                [
                    0.0,
                    0.0,
                    0.0,
                    1.0
                ]
            ]
        },
        {
            "file_path": "./train/r_0035",
            "rotation": 0.0,
            "time": 0.24369747899159663,
            "fl_x": 768.3928507884664,
            "fl_y": 768.3928507884664,
            "cx": 400.0,
            "cy": 400.0,
            "w": 800,
            "h": 800,
            "transform_matrix": [
                [
                    0.0,
                    -0.11914522061843068,
                    0.992876838486922,
                    2.5
                ],
                [
                    0.9999999999999999,
                    0.0,
                    0.0,
                    0.0
                ],
                [
                    0.0,
                    0.9928768384869221,
                    0.11914522061843066,
                    0.8
                ],
                [
                    0.0,
                    0.0,
                    0.0,
                    1.0
                ]
            ]
        },
        {
            "file_path": "./train/r_0036",
            "rotation": 0.0,
            "time": 0.7142857142857143,
            "fl_x": 857.8027682038233,
            "fl_y": 857.8027682038233,
            "cx": 400.0,
            "cy": 400.0,
            "w": 800,
            "h": 800,
            "transform_matrix": [
                [
                    0.7071067811865475,
                    -0.3187883565316692,
                    0.6311687442672026,
                    2.8
                ],
                [
                    0.7071067811865475,
                    0.3187883565316692,
                    -0.6311687442672026,
                    -2.8
                ],
                [
                    -0.0,
                    0.8926073982886737,
                    0.45083481733371616,
                    2.5
                ],
                [
                    0.0,
                    0.0,
                    0.0,
                    1.0
                ]
            ]
        },
        {
            "file_path": "./train/r_0037",
            "rotation": 0.0,
            "time": 0.9663865546218487,
            "fl_x": 768.3928507884664,
            "fl_y": 768.3928507884664,
            "cx": 400.0,
            "cy": 400.0,
            "w": 800,
            "h": 800,
            "transform_matrix": [
                [
                    0.0,
                    0.11914522061843068,
                    -0.992876838486922,
                    -2.5
                ],
                [
                    -0.9999999999999999,
                    0.0,
                    0.0,
                    0.0
                ],
                [
                    0.0,
                    0.9928768384869221,
                    0.11914522061843066,
                    0.8
                ],
                [
                    0.0,
                    0.0,
                    0.0,
                    1.0
                ]
            ]
        },
        {
            "file_path": "./train/r_0038",
            "rotation": 0.0,
            "time": 0.8739495798319328,
            "fl_x": 857.8027682038233,
            "fl_y": 857.8027682038233,
            "cx": 400.0,
            "cy": 400.0,
            "w": 800,
            "h": 800,
            "transform_matrix": [
                [
                    0.7071067811865475,
                    -0.3187883565316692,
                    0.6311687442672026,
                    2.8
                ],
                [
                    0.7071067811865475,
                    0.3187883565316692,
                    -0.6311687442672026,
                    -2.8
                ],
                [
                    -0.0,
                    0.8926073982886737,
                    0.45083481733371616,
                    2.5
                ],
                [
                    0.0,
                    0.0,
                    0.0,
                    1.0
                ]
            ]
        },
        {
            "file_path": "./train/r_0039",
            "rotation": 0.0,
            "time": 0.46218487394957986,
            "fl_x": 857.8027682038233,
            "fl_y": 857.8027682038233,
            "cx": 400.0,
            "cy": 400.0,
            "w": 800,
            "h": 800,
            "transform_matrix": [
                [
                    0.7071067811865475,
                    0.3187883565316692,
                    -0.6311687442672026,
                    -2.8
                ],
                [
                    -0.7071067811865475,
                    0.3187883565316692,
                    -0.6311687442672026,
                    -2.8
                ],
                [
                    0.0,
                    0.8926073982886737,
                    0.45083481733371616,
                    2.5
                ],
                [
                    0.0,
                    0.0,
                    0.0,
                    1.0
                ]
            ]
        },
        {
            "file_path": "./train/r_0040",
            "rotation": 0.0,
            "time": 0.4369747899159664,
            "fl_x": 768.3928507884664,
            "fl_y": 768.3928507884664,
            "cx": 400.0,
            "cy": 400.0,
            "w": 800,
            "h": 800,
            "transform_matrix": [
                [
                    0.0,
                    -0.11914522061843068,
                    0.992876838486922,
                    2.5
                ],
                [
                    0.9999999999999999,
                    0.0,
                    0.0,
                    0.0
                ],
                [
                    0.0,
                    0.9928768384869221,
                    0.11914522061843066,
                    0.8
                ],
                [
                    0.0,
                    0.0,
