{
    "camera_angle_x": 0.8726646259971649,
    "frames": [
        {
            "file_path": "./train/r_0000",
            "rotation": 0.0,
            "time": 0.006711409395973154,
            "fl_x": 857.8027682038233,
            "fl_y": 857.8027682038233,
            "cx": 400.0,
            "cy": 400.0,
            "w": 800,
            "h": 800,
            "transform_matrix": [
                [
                    0.0,
                    0.31622776601683794,
                    -0.9486832980505138,
                    -3.0
                ],
                [
                    -1.0,
                    0.0,
                    0.0,
                    0.0
                ],
                [
                    0.0,
                    0.9486832980505138,
                    0.31622776601683794,
                    1.5
                ],
                [
                    0.0,
                    0.0,
                    0.0,
                    1.0
                ]
            ]
        },
        {
            "file_path": "./train/r_0001",
            "rotation": 0.0,
            "time": 0.1342281879194631,
            "fl_x": 965.6854249492379,
            "fl_y": 965.6854249492379,
            "cx": 400.0,
            "cy": 400.0,
            "w": 800,
            "h": 800,
            "transform_matrix": [
                [
                    -0.7071067811865475,
                    -0.5391638660171921,
                    0.457495710997814,
                    1.5
                ],
                [
                    0.7071067811865475,
                    -0.5391638660171921,
                    0.457495710997814,
                    1.5
                ],
                [
                    0.0,
                    0.6469966392206306,
                    0.7624928516630234,
                    3.0
                ],
                [
                    0.0,
                    0.0,
                    0.0,
                    1.0
                ]
            ]
        },
        {
            "file_path": "./train/r_0002",
            "rotation": 0.0,
            "time": 0.9261744966442953,
            "fl_x": 768.3928507884664,
            "fl_y": 768.3928507884664,
            "cx": 400.0,
            "cy": 400.0,
            "w": 800,
            "h": 800,
            "transform_matrix": [
                [
                    0.0,
                    0.14834045293024464,
                    -0.9889363528682975,
                    -2.0
                ],
                [
                    -1.0,
                    0.0,
                    0.0,
                    0.0
                ],
                [
                    0.0,
                    0.9889363528682975,
                    0.14834045293024464,
                    0.8
                ],
                [
                    0.0,
                    0.0,
                    0.0,
                    1.0
                ]
            ]
        },
        {
            "file_path": "./train/r_0003",
            "rotation": 0.0,
            "time": 0.8590604026845637,
            "fl_x": 857.8027682038233,
            "fl_y": 857.8027682038233,
            "cx": 400.0,
            "cy": 400.0,
            "w": 800,
            "h": 800,
            "transform_matrix": [
                [
                    -0.7071067811865476,
                    0.3481553119113957,
                    -0.6154574548966636,
                    -2.5
                ],
                [
                    -0.7071067811865476,
                    -0.3481553119113957,
                    0.6154574548966636,
                    2.5
                ],
                [
                    0.0,
                    0.8703882797784893,
                    0.4923659639173309,
                    2.5
                ],
                [
                    0.0,
                    0.0,
                    0.0,
                    1.0
                ]
            ]
        },
        {
            "file_path": "./train/r_0004",
            "rotation": 0.0,
            "time": 0.3422818791946309,
            "fl_x": 965.6854249492379,
            "fl_y": 965.6854249492379,
            "cx": 400.0,
            "cy": 400.0,
            "w": 800,
            "h": 800,
            "transform_matrix": [
                [
                    -0.7071067811865475,
                    -0.5391638660171921,
                    0.457495710997814,
                    1.5
                ],
                [
                    0.7071067811865475,
                    -0.5391638660171921,
                    0.457495710997814,
                    1.5
                ],
                [
                    0.0,
                    0.6469966392206306,
                    0.7624928516630234,
                    3.0
                ],
                [
                    0.0,
                    0.0,
                    0.0,
                    1.0
                ]
            ]
        },
        {
            "file_path": "./train/r_0005",
            "rotation": 0.0,
            "time": 0.6510067114093959,
            "fl_x": 965.6854249492379,
            "fl_y": 965.6854249492379,
            "cx": 400.0,
            "cy": 400.0,
            "w": 800,
            "h": 800,
            "transform_matrix": [
                [
                    -0.7071067811865475,
                    -0.5391638660171921,
                    0.457495710997814,
                    1.5
                ],
                [
                    0.7071067811865475,
                    -0.5391638660171921,
                    0.457495710997814,
                    1.5
                ],
                [
                    0.0,
                    0.6469966392206306,
                    0.7624928516630234,
                    3.0
                ],
                [
                    0.0,
                    0.0,
                    0.0,
                    1.0
                ]
            ]
        },
        {
            "file_path": "./train/r_0006",
            "rotation": 0.0,
            "time": 0.020134228187919462,
            "fl_x": 965.6854249492379,
            "fl_y": 965.6854249492379,
            "cx": 400.0,
            "cy": 400.0,
            "w": 800,
            "h": 800,
            "transform_matrix": [
                [
                    -0.7071067811865475,
                    -0.5391638660171921,
                    0.457495710997814,
                    1.5
                ],
                [
                    0.7071067811865475,
                    -0.5391638660171921,
                    0.457495710997814,
                    1.5
                ],
                [
                    0.0,
                    0.6469966392206306,
                    0.7624928516630234,
                    3.0
                ],
                [
                    0.0,
                    0.0,
                    0.0,
                    1.0
                ]
            ]
        },
        {
            "file_path": "./train/r_0007",
            "rotation": 0.0,
            "time": 0.9731543624161074,
            "fl_x": 768.3928507884664,
            "fl_y": 768.3928507884664,
            "cx": 400.0,
            "cy": 400.0,
            "w": 800,
            "h": 800,
            "transform_matrix": [
                [
                    0.0,
                    0.14834045293024464,
                    -0.9889363528682975,
                    -2.0
                ],
                [
                    -1.0,
                    0.0,
                    0.0,
                    0.0
                ],
                [
                    0.0,
                    0.9889363528682975,
                    0.14834045293024464,
                    0.8
                ],
                [
                    0.0,
                    0.0,
                    0.0,
                    1.0
                ]
            ]
        },
        {
            "file_path": "./train/r_0008",
            "rotation": 0.0,
            "time": 0.48322147651006714,
            "fl_x": 857.8027682038233,
            "fl_y": 857.8027682038233,
            "cx": 400.0,
            "cy": 400.0,
            "w": 800,
            "h": 800,
            "transform_matrix": [
                [
                    -1.0,
                    0.0,
                    0.0,
                    0.0
                ],
                [
                    0.0,
                    -0.31622776601683794,
                    0.9486832980505138,
                    3.0
                ],
                [
                    0.0,
                    0.9486832980505138,
                    0.31622776601683794,
                    1.5
                ],
                [
                    0.0,
                    0.0,
                    0.0,
                    1.0
                ]
            ]
        },
        {
            "file_path": "./train/r_0009",
            "rotation": 0.0,
            "time": 0.6845637583892618,
            "fl_x": 857.8027682038233,
            "fl_y": 857.8027682038233,
            "cx": 400.0,
            "cy": 400.0,
            "w": 800,
            "h": 800,
            "transform_matrix": [
                [
                    0.7071067811865476,
                    -0.3481553119113957,
                    0.6154574548966636,
                    2.5
                ],
                [
                    0.7071067811865476,
                    0.3481553119113957,
                    -0.6154574548966636,
                    -2.5
                ],
                [
                    -0.0,
                    0.8703882797784893,
                    0.4923659639173309,
                    2.5
                ],
                [
                    0.0,
                    0.0,
                    0.0,
                    1.0
                ]
            ]
        },
        {
            "file_path": "./train/r_0010",
            "rotation": 0.0,
            "time": 0.5167785234899329,
            "fl_x": 857.8027682038233,
            "fl_y": 857.8027682038233,
            "cx": 400.0,
            "cy": 400.0,
            "w": 800,
            "h": 800,
            "transform_matrix": [
                [
                    0.7071067811865476,
                    0.3481553119113957,
                    -0.6154574548966636,
                    -2.5
                ],
                [
                    -0.7071067811865476,
                    0.3481553119113957,
                    -0.6154574548966636,
                    -2.5
                ],
                [
                    0.0,
                    0.8703882797784893,
                    0.4923659639173309,
                    2.5
                ],
                [
                    0.0,
                    0.0,
                    0.0,
                    1.0
                ]
            ]
        },
        {
            "file_path": "./train/r_0011",
            "rotation": 0.0,
            "time": 0.2214765100671141,
            "fl_x": 857.8027682038233,
            "fl_y": 857.8027682038233,
            "cx": 400.0,
            "cy": 400.0,
            "w": 800,
            "h": 800,
            "transform_matrix": [
                [
                    -0.7071067811865476,
                    -0.3481553119113957,
                    0.6154574548966636,
                    2.5
                ],
                [
                    0.7071067811865476,
                    -0.3481553119113957,
                    0.6154574548966636,
                    2.5
                ],
                [
                    0.0,
                    0.8703882797784893,
                    0.4923659639173309,
                    2.5
                ],
                [
                    0.0,
                    0.0,
                    0.0,
                    1.0
                ]
            ]
        },
        {
            "file_path": "./train/r_0012",
            "rotation": 0.0,
            "time": 0.7583892617449665,
            "fl_x": 857.8027682038233,
            "fl_y": 857.8027682038233,
            "cx": 400.0,
            "cy": 400.0,
            "w": 800,
            "h": 800,
            "transform_matrix": [
                [
                    0.0,
                    0.31622776601683794,
                    -0.9486832980505138,
                    -3.0
                ],
                [
                    -1.0,
                    0.0,
                    0.0,
                    0.0
                ],
                [
                    0.0,
                    0.9486832980505138,
                    0.31622776601683794,
                    1.5
                ],
                [
                    0.0,
                    0.0,
                    0.0,
                    1.0
                ]
            ]
        },
        {
            "file_path": "./train/r_0013",
            "rotation": 0.0,
            "time": 0.19463087248322147,
            "fl_x": 857.8027682038233,
            "fl_y": 857.8027682038233,
            "cx": 400.0,
            "cy": 400.0,
            "w": 800,
            "h": 800,
            "transform_matrix": [
                [
                    0.0,
                    -0.31622776601683794,
                    0.9486832980505138,
                    3.0
                ],
                [
                    1.0,
                    0.0,
                    0.0,
                    0.0
                ],
                [
                    0.0,
                    0.9486832980505138,
                    0.31622776601683794,
                    1.5
                ],
                [
                    0.0,
                    0.0,
                    0.0,
                    1.0
                ]
            ]
        },
        {
            "file_path": "./train/r_0014",
            "rotation": 0.0,
            "time": 0.7315436241610739,
            "fl_x": 857.8027682038233,
            "fl_y": 857.8027682038233,
            "cx": 400.0,
            "cy": 400.0,
            "w": 800,
            "h": 800,
            "transform_matrix": [
                [
                    0.0,
                    0.31622776601683794,
                    -0.9486832980505138,
                    -3.0
                ],
                [
                    -1.0,
                    0.0,
                    0.0,
                    0.0
                ],
                [
                    0.0,
                    0.9486832980505138,
                    0.31622776601683794,
                    1.5
                ],
                [
                    0.0,
                    0.0,
                    0.0,
                    1.0
                ]
            ]
        },
        {
            "file_path": "./train/r_0015",
            "rotation": 0.0,
            "time": 0.348993288590604,
            "fl_x": 857.8027682038233,
            "fl_y": 857.8027682038233,
            "cx": 400.0,
            "cy": 400.0,
            "w": 800,
            "h": 800,
            "transform_matrix": [
                [
                    0.7071067811865476,
                    0.3481553119113957,
                    -0.6154574548966636,
                    -2.5
                ],
                [
                    -0.7071067811865476,
                    0.3481553119113957,
                    -0.6154574548966636,
                    -2.5
                ],
                [
                    0.0,
                    0.8703882797784893,
                    0.4923659639173309,
                    2.5
                ],
                [
                    0.0,
                    0.0,
                    0.0,
                    1.0
                ]
            ]
        },
        {
            "file_path": "./train/r_0016",
            "rotation": 0.0,
            "time": 0.174496644295302,
            "fl_x": 768.3928507884664,
            "fl_y": 768.3928507884664,
            "cx": 400.0,
            "cy": 400.0,
            "w": 800,
            "h": 800,
            "transform_matrix": [
                [
                    0.0,
                    -0.14834045293024464,
                    0.9889363528682975,
                    2.0
                ],
                [
                    1.0,
                    0.0,
                    0.0,
                    0.0
                ],
                [
                    0.0,
                    0.9889363528682975,
                    0.14834045293024464,
                    0.8
                ],
                [
                    0.0,
                    0.0,
                    0.0,
                    1.0
                ]
            ]
        },
        {
            "file_path": "./train/r_0017",
            "rotation": 0.0,
            "time": 0.5838926174496645,
            "fl_x": 965.6854249492379,
            "fl_y": 965.6854249492379,
            "cx": 400.0,
            "cy": 400.0,
            "w": 800,
            "h": 800,
            "transform_matrix": [
                [
                    -0.7071067811865475,
                    -0.5391638660171921,
                    0.457495710997814,
                    1.5
                ],
                [
                    0.7071067811865475,
                    -0.5391638660171921,
                    0.457495710997814,
                    1.5
                ],
                [
                    0.0,
                    0.6469966392206306,
                    0.7624928516630234,
                    3.0
                ],
                [
                    0.0,
                    0.0,
                    0.0,
                    1.0
                ]
            ]
        },
        {
            "file_path": "./train/r_0018",
            "rotation": 0.0,
            "time": 0.1610738255033557,
            "fl_x": 857.8027682038233,
            "fl_y": 857.8027682038233,
            "cx": 400.0,
            "cy": 400.0,
            "w": 800,
            "h": 800,
            "transform_matrix": [
                [
                    -1.0,
                    0.0,
                    0.0,
                    0.0
                ],
                [
                    0.0,
                    -0.31622776601683794,
                    0.9486832980505138,
                    3.0
                ],
                [
                    0.0,
                    0.9486832980505138,
                    0.31622776601683794,
                    1.5
                ],
                [
                    0.0,
                    0.0,
                    0.0,
                    1.0
                ]
            ]
        },
        {
            "file_path": "./train/r_0019",
            "rotation": 0.0,
            "time": 0.785234899328859,
            "fl_x": 857.8027682038233,
            "fl_y": 857.8027682038233,
            "cx": 400.0,
            "cy": 400.0,
            "w": 800,
            "h": 800,
            "transform_matrix": [
                [
                    0.7071067811865476,
                    0.3481553119113957,
                    -0.6154574548966636,
                    -2.5
                ],
                [
                    -0.7071067811865476,
                    0.3481553119113957,
                    -0.6154574548966636,
                    -2.5
                ],
                [
                    0.0,
                    0.8703882797784893,
                    0.4923659639173309,
                    2.5
                ],
                [
                    0.0,
                    0.0,
                    0.0,
                    1.0
                ]
            ]
        },
        {
            "file_path": "./train/r_0020",
            "rotation": 0.0,
            "time": 0.2483221476510067,
            "fl_x": 768.3928507884664,
            "fl_y": 768.3928507884664,
            "cx": 400.0,
            "cy": 400.0,
            "w": 800,
            "h": 800,
            "transform_matrix": [
                [
                    0.0,
                    -0.14834045293024464,
                    0.9889363528682975,
                    2.0
                ],
                [
                    1.0,
                    0.0,
                    0.0,
                    0.0
                ],
                [
                    0.0,
                    0.9889363528682975,
                    0.14834045293024464,
                    0.8
                ],
                [
                    0.0,
                    0.0,
                    0.0,
                    1.0
                ]
            ]
        },
        {
            "file_path": "./train/r_0021",
            "rotation": 0.0,
            "time": 0.9664429530201343,
            "fl_x": 768.3928507884664,
            "fl_y": 768.3928507884664,
            "cx": 400.0,
            "cy": 400.0,
            "w": 800,
            "h": 800,
            "transform_matrix": [
                [
                    0.0,
                    0.14834045293024464,
                    -0.9889363528682975,
                    -2.0
                ],
                [
                    -1.0,
                    0.0,
                    0.0,
                    0.0
                ],
                [
                    0.0,
                    0.9889363528682975,
                    0.14834045293024464,
                    0.8
                ],
                [
                    0.0,
                    0.0,
                    0.0,
                    1.0
                ]
            ]
        },
        {
            "file_path": "./train/r_0022",
            "rotation": 0.0,
            "time": 0.6912751677852349,
            "fl_x": 857.8027682038233,
            "fl_y": 857.8027682038233,
            "cx": 400.0,
            "cy": 400.0,
            "w": 800,
            "h": 800,
            "transform_matrix": [
                [
                    0.0,
                    -0.31622776601683794,
                    0.9486832980505138,
                    3.0
                ],
                [
                    1.0,
                    0.0,
                    0.0,
                    0.0
                ],
                [
                    0.0,
                    0.9486832980505138,
                    0.31622776601683794,
                    1.5
                ],
                [
                    0.0,
                    0.0,
                    0.0,
                    1.0
                ]
            ]
        },
        {
            "file_path": "./train/r_0023",
            "rotation": 0.0,
            "time": 0.11409395973154363,
            "fl_x": 965.6854249492379,
            "fl_y": 965.6854249492379,
            "cx": 400.0,
            "cy": 400.0,
            "w": 800,
            "h": 800,
            "transform_matrix": [
                [
                    -0.7071067811865475,
                    -0.5391638660171921,
                    0.457495710997814,
                    1.5
                ],
                [
                    0.7071067811865475,
                    -0.5391638660171921,
                    0.457495710997814,
                    1.5
                ],
                [
                    0.0,
                    0.6469966392206306,
                    0.7624928516630234,
                    3.0
                ],
                [
                    0.0,
                    0.0,
                    0.0,
                    1.0
                ]
            ]
        },
        {
            "file_path": "./train/r_0024",
            "rotation": 0.0,
            "time": 0.9194630872483222,
            "fl_x": 965.6854249492379,
            "fl_y": 965.6854249492379,
            "cx": 400.0,
            "cy": 400.0,
            "w": 800,
            "h": 800,
            "transform_matrix": [
                [
                    -0.7071067811865475,
                    -0.5391638660171921,
                    0.457495710997814,
                    1.5
                ],
                [
                    0.7071067811865475,
                    -0.5391638660171921,
                    0.457495710997814,
                    1.5
                ],
                [
                    0.0,
                    0.6469966392206306,
                    0.7624928516630234,
                    3.0
                ],
                [
                    0.0,
                    0.0,
                    0.0,
                    1.0
                ]
            ]
        },
        {
            "file_path": "./train/r_0025",
            "rotation": 0.0,
            "time": 0.5906040268456376,
            "fl_x": 768.3928507884664,
            "fl_y": 768.3928507884664,
            "cx": 400.0,
            "cy": 400.0,
            "w": 800,
            "h": 800,
            "transform_matrix": [
                [
                    0.0,
                    -0.14834045293024464,
                    0.9889363528682975,
                    2.0
                ],
                [
                    1.0,
                    0.0,
                    0.0,
                    0.0
                ],
                [
                    0.0,
                    0.9889363528682975,
                    0.14834045293024464,
                    0.8
                ],
                [
                    0.0,
                    0.0,
                    0.0,
                    1.0
                ]
            ]
        },
        {
            "file_path": "./train/r_0026",
            "rotation": 0.0,
            "time": 0.7181208053691275,
            "fl_x": 857.8027682038233,
            "fl_y": 857.8027682038233,
            "cx": 400.0,
            "cy": 400.0,
            "w": 800,
            "h": 800,
            "transform_matrix": [
                [
                    -0.7071067811865476,
                    0.3481553119113957,
                    -0.6154574548966636,
                    -2.5
                ],
                [
                    -0.7071067811865476,
                    -0.3481553119113957,
                    0.6154574548966636,
                    2.5
                ],
                [
                    0.0,
                    0.8703882797784893,
                    0.4923659639173309,
                    2.5
                ],
                [
                    0.0,
                    0.0,
                    0.0,
                    1.0
                ]
            ]
        },
        {
            "file_path": "./train/r_0027",
            "rotation": 0.0,
            "time": 0.04697986577181208,
            "fl_x": 857.8027682038233,
            "fl_y": 857.8027682038233,
            "cx": 400.0,
            "cy": 400.0,
            "w": 800,
            "h": 800,
            "transform_matrix": [
                [
                    1.0,
                    0.0,
                    0.0,
                    0.0
                ],
                [
                    0.0,
                    0.31622776601683794,
                    -0.9486832980505138,
                    -3.0
                ],
                [
                    -0.0,
                    0.9486832980505138,
                    0.31622776601683794,
                    1.5
                ],
                [
                    0.0,
                    0.0,
                    0.0,
                    1.0
                ]
            ]
        },
        {
            "file_path": "./train/r_0028",
            "rotation": 0.0,
            "time": 0.6778523489932886,
            "fl_x": 857.8027682038233,
            "fl_y": 857.8027682038233,
            "cx": 400.0,
            "cy": 400.0,
            "w": 800,
            "h": 800,
            "transform_matrix": [
                [
                    0.0,
                    -0.31622776601683794,
                    0.9486832980505138,
                    3.0
                ],
                [
                    1.0,
                    0.0,
                    0.0,
                    0.0
                ],
                [
                    0.0,
                    0.9486832980505138,
                    0.31622776601683794,
                    1.5
                ],
                [
                    0.0,
                    0.0,
                    0.0,
                    1.0
                ]
            ]
        },
        {
            "file_path": "./train/r_0029",
            "rotation": 0.0,
            "time": 0.7449664429530202,
            "fl_x": 965.6854249492379,
            "fl_y": 965.6854249492379,
            "cx": 400.0,
            "cy": 400.0,
            "w": 800,
            "h": 800,
            "transform_matrix": [
                [
                    -0.7071067811865475,
                    -0.5391638660171921,
                    0.457495710997814,
                    1.5
                ],
                [
                    0.7071067811865475,
                    -0.5391638660171921,
                    0.457495710997814,
                    1.5
                ],
                [
                    0.0,
                    0.6469966392206306,
                    0.7624928516630234,
                    3.0
                ],
                [
                    0.0,
                    0.0,
                    0.0,
                    1.0
                ]
            ]
        },
        {
            "file_path": "./train/r_0030",
            "rotation": 0.0,
            "time": 0.38926174496644295,
            "fl_x": 768.3928507884664,
            "fl_y": 768.3928507884664,
            "cx": 400.0,
            "cy": 400.0,
            "w": 800,
            "h": 800,
            "transform_matrix": [
                [
                    0.0,
                    0.14834045293024464,
                    -0.9889363528682975,
                    -2.0
                ],
                [
                    -1.0,
                    0.0,
                    0.0,
                    0.0
                ],
                [
                    0.0,
                    0.9889363528682975,
                    0.14834045293024464,
                    0.8
                ],
                [
                    0.0,
                    0.0,
                    0.0,
                    1.0
                ]
            ]
        },
        {
            "file_path": "./train/r_0031",
            "rotation": 0.0,
            "time": 0.013422818791946308,
            "fl_x": 857.8027682038233,
            "fl_y": 857.8027682038233,
            "cx": 400.0,
            "cy": 400.0,
            "w": 800,
            "h": 800,
            "transform_matrix": [
                [
                    -0.7071067811865476,
                    0.3481553119113957,
                    -0.6154574548966636,
                    -2.5
                ],
                [
                    -0.7071067811865476,
                    -0.3481553119113957,
                    0.6154574548966636,
                    2.5
                ],
                [
                    0.0,
                    0.8703882797784893,
                    0.4923659639173309,
                    2.5
                ],
                [
                    0.0,
                    0.0,
                    0.0,
                    1.0
                ]
            ]
        },
        {
            "file_path": "./train/r_0032",
            "rotation": 0.0,
            "time": 0.3825503355704698,
            "fl_x": 768.3928507884664,
            "fl_y": 768.3928507884664,
            "cx": 400.0,
            "cy": 400.0,
            "w": 800,
            "h": 800,
            "transform_matrix": [
                [
                    0.0,
                    -0.14834045293024464,
                    0.9889363528682975,
                    2.0
                ],
                [
                    1.0,
                    0.0,
                    0.0,
                    0.0
                ],
                [
                    0.0,
                    0.9889363528682975,
                    0.14834045293024464,
                    0.8
                ],
                [
                    0.0,
                    0.0,
                    0.0,
                    1.0
                ]
            ]
        },
        {
            "file_path": "./train/r_0033",
            "rotation": 0.0,
            "time": 0.9328859060402684,
            "fl_x": 857.8027682038233,
            "fl_y": 857.8027682038233,
            "cx": 400.0,
            "cy": 400.0,
            "w": 800,
            "h": 800,
            "transform_matrix": [
                [
                    0.7071067811865476,
                    -0.3481553119113957,
                    0.6154574548966636,
                    2.5
                ],
                [
                    0.7071067811865476,
                    0.3481553119113957,
                    -0.6154574548966636,
                    -2.5
                ],
                [
                    -0.0,
                    0.8703882797784893,
                    0.4923659639173309,
                    2.5
                ],
                [
                    0.0,
                    0.0,
                    0.0,
                    1.0
                ]
            ]
        },
        {
            "file_path": "./train/r_0034",
            "rotation": 0.0,
            "time": 0.4966442953020134,
            "fl_x": 965.6854249492379,
            "fl_y": 965.6854249492379,
            "cx": 400.0,
            "cy": 400.0,
            "w": 800,
            "h": 800,
            "transform_matrix": [
                [
                    -0.7071067811865475,
                    -0.5391638660171921,
                    0.457495710997814,
                    1.5
                ],
                [
                    0.7071067811865475,
                    -0.5391638660171921,
                    0.457495710997814,
                    1.5
                ],
                [
                    0.0,
                    0.6469966392206306,
                    0.7624928516630234,
                    3.0
                ],
                [
                    0.0,
                    0.0,
                    0.0,
                    1.0
                ]
            ]
        },
        {
            "file_path": "./train/r_0035",
            "rotation": 0.0,
            "time": 0.08053691275167785,
            "fl_x": 857.8027682038233,
            "fl_y": 857.8027682038233,
            "cx": 400.0,
            "cy": 400.0,
            "w": 800,
            "h": 800,
            "transform_matrix": [
                [
                    0.7071067811865476,
                    -0.3481553119113957,
                    0.6154574548966636,
                    2.5
                ],
                [
                    0.7071067811865476,
                    0.3481553119113957,
                    -0.6154574548966636,
                    -2.5
                ],
                [
                    -0.0,
                    0.8703882797784893,
                    0.4923659639173309,
                    2.5
                ],
                [
                    0.0,
                    0.0,
                    0.0,
                    1.0
                ]
            ]
        },
        {
            "file_path": "./train/r_0036",
            "rotation": 0.0,
            "time": 0.2550335570469799,
            "fl_x": 857.8027682038233,
            "fl_y": 857.8027682038233,
            "cx": 400.0,
            "cy": 400.0,
            "w": 800,
            "h": 800,
            "transform_matrix": [
                [
                    0.0,
                    -0.31622776601683794,
                    0.9486832980505138,
                    3.0
                ],
                [
                    1.0,
                    0.0,
                    0.0,
                    0.0
                ],
                [
                    0.0,
                    0.9486832980505138,
                    0.31622776601683794,
                    1.5
                ],
                [
                    0.0,
                    0.0,
                    0.0,
                    1.0
                ]
            ]
        },
        {
            "file_path": "./train/r_0037",
            "rotation": 0.0,
            "time": 0.0738255033557047,
            "fl_x": 768.3928507884664,
            "fl_y": 768.3928507884664,
            "cx": 400.0,
            "cy": 400.0,
            "w": 800,
            "h": 800,
            "transform_matrix": [
                [
                    0.0,
                    -0.14834045293024464,
                    0.9889363528682975,
                    2.0
                ],
                [
                    1.0,
                    0.0,
                    0.0,
                    0.0
                ],
                [
                    0.0,
                    0.9889363528682975,
                    0.14834045293024464,
                    0.8
                ],
                [
                    0.0,
                    0.0,
                    0.0,
                    1.0
                ]
            ]
        },
        {
            "file_path": "./train/r_0038",
            "rotation": 0.0,
            "time": 0.28859060402684567,
            "fl_x": 857.8027682038233,
            "fl_y": 857.8027682038233,
            "cx": 400.0,
            "cy": 400.0,
            "w": 800,
            "h": 800,
            "transform_matrix": [
                [
                    -1.0,
                    0.0,
                    0.0,
                    0.0
                ],
                [
                    0.0,
                    -0.31622776601683794,
                    0.9486832980505138,
                    3.0
                ],
                [
                    0.0,
                    0.9486832980505138,
                    0.31622776601683794,
                    1.5
                ],
                [
                    0.0,
                    0.0,
                    0.0,
                    1.0
                ]
            ]
        },
        {
            "file_path": "./train/r_0039",
            "rotation": 0.0,
            "time": 0.9798657718120806,
            "fl_x": 857.8027682038233,
            "fl_y": 857.8027682038233,
            "cx": 400.0,
            "cy": 400.0,
            "w": 800,
            "h": 800,
            "transform_matrix": [
                [
                    0.7071067811865476,
                    -0.3481553119113957,
                    0.6154574548966636,
                    2.5
                ],
                [
                    0.7071067811865476,
                    0.3481553119113957,
                    -0.6154574548966636,
                    -2.5
                ],
                [
                    -0.0,
                    0.8703882797784893,
                    0.4923659639173309,
                    2.5
                ],
                [
                    0.0,
                    0.0,
                    0.0,
                    1.0
                ]
            ]
        },
        {
            "file_path": "./train/r_0040",
            "rotation": 0.0,
            "time": 0.825503355704698,
            "fl_x": 857.8027682038233,
            "fl_y": 857.8027682038233,
            "cx": 400.0,
            "cy": 400.0,
            "w": 800,
            "h": 800,
            "transform_matrix": [
                [
